0.01 -1.26543e-05 
0.0209 -1.19256e-05 
0.0318 -1.12543e-05 
0.0427 -1.0635e-05 
0.0536 -1.00627e-05 
0.0645 -9.53287e-06 
0.0754 -9.0416e-06 
0.0863 -8.5854e-06 
0.0972 -8.16106e-06 
0.1081 -7.7658e-06 
0.119 -7.39707e-06 
0.1299 -7.05258e-06 
0.1408 -6.73032e-06 
0.1517 -6.42845e-06 
0.1626 -6.14526e-06 
0.1735 -5.87932e-06 
0.1844 -5.62923e-06 
0.1953 -5.39378e-06 
0.2062 -5.17185e-06 
0.2171 -4.96242e-06 
0.228 -4.76458e-06 
0.2389 -4.57752e-06 
0.2498 -4.40046e-06 
0.2607 -4.23277e-06 
0.2716 -4.07393e-06 
0.2825 -3.92365e-06 
0.2934 -3.78211e-06 
0.3043 -3.65048e-06 
0.3152 -3.52969e-06 
0.3261 -3.41877e-06 
0.337 -3.31608e-06 
0.3479 -3.22018e-06 
0.3588 -3.13002e-06 
0.3697 -3.04477e-06 
0.3806 -2.9638e-06 
0.3915 -2.88661e-06 
0.4024 -2.81284e-06 
0.4133 -2.74214e-06 
0.4242 -2.67427e-06 
0.4351 -2.609e-06 
0.446 -2.54616e-06 
0.4569 -2.48557e-06 
0.4678 -2.42712e-06 
0.4787 -2.37065e-06 
0.4896 -2.31608e-06 
0.5005 -2.2633e-06 
0.5114 -2.21222e-06 
0.5223 -2.16277e-06 
0.5332 -2.11486e-06 
0.5441 -2.06843e-06 
0.555 -2.02341e-06 
0.5659 -1.97974e-06 
0.5768 -1.93737e-06 
0.5877 -1.89625e-06 
0.5986 -1.85632e-06 
0.6095 -1.81755e-06 
0.6204 -1.77987e-06 
0.6313 -1.74326e-06 
0.6422 -1.70767e-06 
0.6531 -1.67306e-06 
0.664 -1.63941e-06 
0.6749 -1.60666e-06 
0.6858 -1.5748e-06 
0.6967 -1.54379e-06 
0.7076 -1.5136e-06 
0.7185 -1.4842e-06 
0.7294 -1.45556e-06 
0.7403 -1.42766e-06 
0.7512 -1.40048e-06 
0.7621 -1.37399e-06 
0.773 -1.34816e-06 
0.7839 -1.32297e-06 
0.7948 -1.29841e-06 
0.8057 -1.27445e-06 
0.8166 -1.25108e-06 
0.8275 -1.22827e-06 
0.8384 -1.20601e-06 
0.8493 -1.18427e-06 
0.8602 -1.16305e-06 
0.8711 -1.14233e-06 
0.882 -1.12209e-06 
0.8929 -1.10231e-06 
0.9038 -1.08299e-06 
0.9147 -1.0641e-06 
0.9256 -1.04565e-06 
0.9365 -1.0276e-06 
0.9474 -1.00996e-06 
0.9583 -9.927e-07 
0.9692 -9.7582e-07 
0.9801 -9.59307e-07 
0.991 -9.43151e-07 
1.0019 -9.27339e-07 
1.0128 -9.11862e-07 
1.0237 -8.96711e-07 
1.0346 -8.81874e-07 
1.0455 -8.67346e-07 
1.0564 -8.53114e-07 
1.0673 -8.39171e-07 
1.0782 -8.2551e-07 
1.0891 -8.1212e-07 
1.1 -7.98994e-07 
1.1109 -7.86124e-07 
1.1218 -7.73501e-07 
1.1327 -7.61117e-07 
1.1436 -7.48964e-07 
1.1545 -7.37033e-07 
1.1654 -7.25316e-07 
1.1763 -7.13801e-07 
1.1872 -7.02478e-07 
1.1981 -6.91332e-07 
1.209 -6.80347e-07 
1.2199 -6.69505e-07 
1.2308 -6.58812e-07 
1.2417 -6.48303e-07 
1.2526 -6.38008e-07 
1.2635 -6.27941e-07 
1.2744 -6.18106e-07 
1.2853 -6.08505e-07 
1.2962 -5.99132e-07 
1.3071 -5.89988e-07 
1.318 -5.81064e-07 
1.3289 -5.7236e-07 
1.3398 -5.63868e-07 
1.3507 -5.55582e-07 
1.3616 -5.47499e-07 
1.3725 -5.39614e-07 
1.3834 -5.3192e-07 
1.3943 -5.24413e-07 
1.4052 -5.17088e-07 
1.4161 -5.0994e-07 
1.427 -5.02964e-07 
1.4379 -4.96156e-07 
1.4488 -4.89512e-07 
1.4597 -4.83025e-07 
1.4706 -4.76693e-07 
1.4815 -4.70513e-07 
1.4924 -4.64478e-07 
1.5033 -4.58586e-07 
1.5142 -4.52833e-07 
1.5251 -4.47215e-07 
1.536 -4.41729e-07 
1.5469 -4.36372e-07 
1.5578 -4.31139e-07 
1.5687 -4.26029e-07 
1.5796 -4.21038e-07 
1.5905 -4.16161e-07 
1.6014 -4.11399e-07 
1.6123 -4.06747e-07 
1.6232 -4.02203e-07 
1.6341 -3.97764e-07 
1.645 -3.93427e-07 
1.6559 -3.8919e-07 
1.6668 -3.85052e-07 
1.6777 -3.81008e-07 
1.6886 -3.77059e-07 
1.6995 -3.732e-07 
1.7104 -3.69431e-07 
1.7213 -3.65749e-07 
1.7322 -3.62151e-07 
1.7431 -3.58638e-07 
1.754 -3.55205e-07 
1.7649 -3.51852e-07 
1.7758 -3.48578e-07 
1.7867 -3.45379e-07 
1.7976 -3.42256e-07 
1.8085 -3.39205e-07 
1.8194 -3.36226e-07 
1.8303 -3.33317e-07 
1.8412 -3.30475e-07 
1.8521 -3.27702e-07 
1.863 -3.24993e-07 
1.8739 -3.22348e-07 
1.8848 -3.19766e-07 
1.8957 -3.17245e-07 
1.9066 -3.14784e-07 
1.9175 -3.12381e-07 
1.9284 -3.10034e-07 
1.9393 -3.07743e-07 
1.9502 -3.05506e-07 
1.9611 -3.03321e-07 
1.972 -3.01186e-07 
1.9829 -2.99101e-07 
1.9938 -2.97063e-07 
2.0047 -2.9507e-07 
2.0156 -2.93121e-07 
2.0265 -2.91214e-07 
2.0374 -2.89347e-07 
2.0483 -2.87517e-07 
2.0592 -2.85723e-07 
2.0701 -2.83961e-07 
2.081 -2.82229e-07 
2.0919 -2.80524e-07 
2.1028 -2.78844e-07 
2.1137 -2.77184e-07 
2.1246 -2.75542e-07 
2.1355 -2.73912e-07 
2.1464 -2.72291e-07 
2.1573 -2.70674e-07 
2.1682 -2.69056e-07 
2.1791 -2.67432e-07 
2.19 -2.65795e-07 
2.2009 -2.64138e-07 
2.2118 -2.62455e-07 
2.2227 -2.60738e-07 
2.2336 -2.58978e-07 
2.2445 -2.57166e-07 
2.2554 -2.55291e-07 
2.2663 -2.53344e-07 
2.2772 -2.51314e-07 
2.2881 -2.49187e-07 
2.299 -2.46951e-07 
2.3099 -2.44593e-07 
2.3208 -2.42098e-07 
2.3317 -2.39451e-07 
2.3426 -2.36637e-07 
2.3535 -2.33641e-07 
2.3644 -2.30446e-07 
2.3753 -2.27039e-07 
2.3862 -2.23403e-07 
2.3971 -2.19525e-07 
2.408 -2.15392e-07 
2.4189 -2.10994e-07 
2.4298 -2.0632e-07 
2.4407 -2.01367e-07 
2.4516 -1.96129e-07 
2.4625 -1.90608e-07 
2.4734 -1.84808e-07 
2.4843 -1.78738e-07 
2.4952 -1.7241e-07 
2.5061 -1.65842e-07 
2.517 -1.59056e-07 
2.5279 -1.52077e-07 
2.5388 -1.44934e-07 
2.5497 -1.37658e-07 
2.5606 -1.30285e-07 
2.5715 -1.22847e-07 
2.5824 -1.15379e-07 
2.5933 -1.07915e-07 
2.6042 -1.00486e-07 
2.6151 -9.31198e-08 
2.626 -8.58408e-08 
2.6369 -7.86677e-08 
2.6478 -7.16142e-08 
2.6587 -6.46881e-08 
2.6696 -5.78902e-08 
2.6805 -5.12152e-08 
2.6914 -4.46522e-08 
2.7023 -3.81906e-08 
2.7132 -3.18413e-08 
2.7241 -2.5727e-08 
2.735 -2.04415e-08 
2.7459 -1.73612e-08 
2.7568 -1.64044e-08 
2.7677 -1.62066e-08 
2.7786 -1.61753e-08 
2.7895 -1.61528e-08 
2.8004 -1.61003e-08 
2.8113 -1.60111e-08 
2.8222 -1.58881e-08 
2.8331 -1.5736e-08 
2.844 -1.556e-08 
2.8549 -1.53647e-08 
2.8658 -1.5154e-08 
2.8767 -1.4931e-08 
2.8876 -1.46987e-08 
2.8985 -1.44591e-08 
2.9094 -1.42144e-08 
2.9203 -1.39659e-08 
2.9312 -1.3715e-08 
2.9421 -1.34628e-08 
2.953 -1.32102e-08 
2.9639 -1.2958e-08 
2.9748 -1.27068e-08 
2.9857 -1.24571e-08 
2.9966 -1.22095e-08 
3.0075 -1.19641e-08 
3.0184 -1.17214e-08 
3.0293 -1.14816e-08 
3.0402 -1.1245e-08 
3.0511 -1.10117e-08 
3.062 -1.07818e-08 
3.0729 -1.05555e-08 
3.0838 -1.03328e-08 
3.0947 -1.01138e-08 
3.1056 -9.89855e-09 
3.1165 -9.68708e-09 
3.1274 -9.47934e-09 
3.1383 -9.27542e-09 
3.1492 -9.07527e-09 
3.1601 -8.8789e-09 
3.171 -8.68625e-09 
3.1819 -8.49734e-09 
3.1928 -8.31209e-09 
3.2037 -8.13048e-09 
3.2146 -7.95253e-09 
3.2255 -7.77809e-09 
3.2364 -7.60721e-09 
3.2473 -7.43977e-09 
3.2582 -7.27575e-09 
3.2691 -7.11511e-09 
3.28 -6.95776e-09 
3.2909 -6.8037e-09 
3.3018 -6.65284e-09 
3.3127 -6.50511e-09 
3.3236 -6.36047e-09 
3.3345 -6.2189e-09 
3.3454 -6.08029e-09 
3.3563 -5.94462e-09 
3.3672 -5.81182e-09 
3.3781 -5.68185e-09 
3.389 -5.55462e-09 
3.3999 -5.43014e-09 
3.4108 -5.30829e-09 
3.4217 -5.18907e-09 
3.4326 -5.07236e-09 
3.4435 -4.95821e-09 
3.4544 -4.84648e-09 
3.4653 -4.73715e-09 
3.4762 -4.63018e-09 
3.4871 -4.52551e-09 
3.498 -4.42311e-09 
3.5089 -4.32291e-09 
3.5198 -4.22491e-09 
3.5307 -4.12902e-09 
3.5416 -4.0352e-09 
3.5525 -3.9434e-09 
3.5634 -3.85361e-09 
3.5743 -3.76577e-09 
3.5852 -3.67985e-09 
3.5961 -3.59578e-09 
3.607 -3.51355e-09 
3.6179 -3.43311e-09 
3.6288 -3.35443e-09 
3.6397 -3.27747e-09 
3.6506 -3.20218e-09 
3.6615 -3.12855e-09 
3.6724 -3.05652e-09 
3.6833 -2.98608e-09 
3.6942 -2.91717e-09 
3.7051 -2.8498e-09 
3.716 -2.78388e-09 
3.7269 -2.71942e-09 
3.7378 -2.65638e-09 
3.7487 -2.59473e-09 
3.7596 -2.53444e-09 
3.7705 -2.47548e-09 
3.7814 -2.41783e-09 
3.7923 -2.36145e-09 
3.8032 -2.30633e-09 
3.8141 -2.25242e-09 
3.825 -2.19972e-09 
3.8359 -2.14818e-09 
3.8468 -2.0978e-09 
3.8577 -2.04855e-09 
3.8686 -2.00039e-09 
3.8795 -1.95331e-09 
3.8904 -1.9073e-09 
3.9013 -1.86231e-09 
3.9122 -1.81834e-09 
3.9231 -1.77537e-09 
3.934 -1.73337e-09 
3.9449 -1.69232e-09 
3.9558 -1.65222e-09 
3.9667 -1.61302e-09 
3.9776 -1.57472e-09 
3.9885 -1.53731e-09 
3.9994 -1.50075e-09 
4.0103 -1.46505e-09 
4.0212 -1.43017e-09 
4.0321 -1.39611e-09 
4.043 -1.36284e-09 
4.0539 -1.33036e-09 
4.0648 -1.29865e-09 
4.0757 -1.2677e-09 
4.0866 -1.23748e-09 
4.0975 -1.208e-09 
4.1084 -1.17922e-09 
4.1193 -1.15116e-09 
4.1302 -1.12378e-09 
4.1411 -1.0971e-09 
4.152 -1.07108e-09 
4.1629 -1.04573e-09 
4.1738 -1.02103e-09 
4.1847 -9.9699e-10 
4.1956 -9.7359e-10 
4.2065 -9.50829e-10 
4.2174 -9.28722e-10 
4.2283 -9.07259e-10 
4.2392 -8.86448e-10 
4.2501 -8.66313e-10 
4.261 -8.46851e-10 
4.2719 -8.27991e-10 
4.2828 -8.09634e-10 
4.2937 -7.91708e-10 
4.3046 -7.7418e-10 
4.3155 -7.57023e-10 
4.3264 -7.40225e-10 
4.3373 -7.23782e-10 
4.3482 -7.07667e-10 
4.3591 -6.91888e-10 
4.37 -6.76425e-10 
4.3809 -6.61273e-10 
4.3918 -6.46429e-10 
4.4027 -6.31882e-10 
4.4136 -6.17633e-10 
4.4245 -6.03665e-10 
4.4354 -5.89978e-10 
4.4463 -5.76565e-10 
4.4572 -5.6342e-10 
4.4681 -5.50538e-10 
4.479 -5.37915e-10 
4.4899 -5.25546e-10 
4.5008 -5.13425e-10 
4.5117 -5.01545e-10 
4.5226 -4.89905e-10 
4.5335 -4.78499e-10 
4.5444 -4.67317e-10 
4.5553 -4.56361e-10 
4.5662 -4.45629e-10 
4.5771 -4.3511e-10 
4.588 -4.24803e-10 
4.5989 -4.14704e-10 
4.6098 -4.04805e-10 
4.6207 -3.95108e-10 
4.6316 -3.85609e-10 
4.6425 -3.76299e-10 
4.6534 -3.67178e-10 
4.6643 -3.5824e-10 
4.6752 -3.49486e-10 
4.6861 -3.40907e-10 
4.697 -3.32505e-10 
4.7079 -3.24273e-10 
4.7188 -3.16209e-10 
4.7297 -3.08309e-10 
4.7406 -3.00569e-10 
4.7515 -2.92991e-10 
4.7624 -2.85565e-10 
4.7733 -2.78293e-10 
4.7842 -2.71171e-10 
4.7951 -2.64197e-10 
4.806 -2.57366e-10 
4.8169 -2.50676e-10 
4.8278 -2.44124e-10 
4.8387 -2.3771e-10 
4.8496 -2.31429e-10 
4.8605 -2.2528e-10 
4.8714 -2.19258e-10 
4.8823 -2.13365e-10 
4.8932 -2.07594e-10 
4.9041 -2.01945e-10 
4.915 -1.96415e-10 
4.9259 -1.91004e-10 
4.9368 -1.85707e-10 
4.9477 -1.80524e-10 
4.9586 -1.7545e-10 
4.9695 -1.70486e-10 
4.9804 -1.65629e-10 
4.9913 -1.60878e-10 
5.0022 -1.56229e-10 
5.0131 -1.5168e-10 
5.024 -1.47232e-10 
5.0349 -1.42881e-10 
5.0458 -1.38626e-10 
5.0567 -1.34465e-10 
5.0676 -1.30396e-10 
5.0785 -1.26418e-10 
5.0894 -1.22529e-10 
5.1003 -1.18728e-10 
5.1112 -1.15012e-10 
5.1221 -1.11382e-10 
5.133 -1.07834e-10 
5.1439 -1.04367e-10 
5.1548 -1.0098e-10 
5.1657 -9.76713e-11 
5.1766 -9.44402e-11 
5.1875 -9.12853e-11 
5.1984 -8.82044e-11 
5.2093 -8.51971e-11 
5.2202 -8.22611e-11 
5.2311 -7.93962e-11 
5.242 -7.66007e-11 
5.2529 -7.3874e-11 
5.2638 -7.12141e-11 
5.2747 -6.862e-11 
5.2856 -6.60907e-11 
5.2965 -6.36254e-11 
5.3074 -6.1223e-11 
5.3183 -5.8882e-11 
5.3292 -5.66016e-11 
5.3401 -5.4381e-11 
5.351 -5.2219e-11 
5.3619 -5.01149e-11 
5.3728 -4.80676e-11 
5.3837 -4.60762e-11 
5.3946 -4.41404e-11 
5.4055 -4.22582e-11 
5.4164 -4.04298e-11 
5.4273 -3.86536e-11 
5.4382 -3.69294e-11 
5.4491 -3.52565e-11 
5.46 -3.36338e-11 
5.4709 -3.20607e-11 
5.4818 -3.05368e-11 
5.4927 -2.9061e-11 
5.5036 -2.76333e-11 
5.5145 -2.62524e-11 
5.5254 -2.49182e-11 
5.5363 -2.36301e-11 
5.5472 -2.23875e-11 
5.5581 -2.11901e-11 
5.569 -2.00373e-11 
5.5799 -1.8929e-11 
5.5908 -1.78646e-11 
5.6017 -1.6844e-11 
5.6126 -1.58668e-11 
5.6235 -1.4933e-11 
5.6344 -1.40426e-11 
5.6453 -1.31953e-11 
5.6562 -1.23915e-11 
5.6671 -1.16313e-11 
5.678 -1.09151e-11 
5.6889 -1.02433e-11 
5.6998 -9.61688e-12 
5.7107 -9.03682e-12 
5.7216 -8.50461e-12 
5.7325 -8.02215e-12 
5.7434 -7.5923e-12 
5.7543 -7.21889e-12 
5.7652 -6.90696e-12 
5.7761 -6.66099e-12 
5.787 -6.47491e-12 
5.7979 -6.32788e-12 
5.8088 -6.20268e-12 
5.8197 -6.09088e-12 
5.8306 -5.9883e-12 
5.8415 -5.89254e-12 
5.8524 -5.80219e-12 
5.8633 -5.7162e-12 
5.8742 -5.63399e-12 
5.8851 -5.55496e-12 
5.896 -5.47881e-12 
5.9069 -5.40518e-12 
5.9178 -5.33384e-12 
5.9287 -5.26461e-12 
5.9396 -5.19729e-12 
5.9505 -5.13173e-12 
5.9614 -5.06784e-12 
5.9723 -5.00554e-12 
5.9832 -4.9447e-12 
5.9941 -4.88522e-12 
6.005 -4.82704e-12 
6.0159 -4.77012e-12 
6.0268 -4.71438e-12 
6.0377 -4.65978e-12 
6.0486 -4.60626e-12 
6.0595 -4.55378e-12 
6.0704 -4.5023e-12 
6.0813 -4.45178e-12 
6.0922 -4.4022e-12 
6.1031 -4.35353e-12 
6.114 -4.30568e-12 
6.1249 -4.25872e-12 
6.1358 -4.21254e-12 
6.1467 -4.16714e-12 
6.1576 -4.12253e-12 
6.1685 -4.07864e-12 
6.1794 -4.03547e-12 
6.1903 -3.993e-12 
6.2012 -3.95124e-12 
6.2121 -3.91011e-12 
6.223 -3.86964e-12 
6.2339 -3.82979e-12 
6.2448 -3.79058e-12 
6.2557 -3.75194e-12 
6.2666 -3.71388e-12 
6.2775 -3.67644e-12 
6.2884 -3.63952e-12 
6.2993 -3.60313e-12 
6.3102 -3.56731e-12 
6.3211 -3.532e-12 
6.332 -3.49721e-12 
6.3429 -3.4629e-12 
6.3538 -3.42908e-12 
6.3647 -3.39577e-12 
6.3756 -3.36289e-12 
6.3865 -3.33049e-12 
6.3974 -3.29854e-12 
6.4083 -3.26702e-12 
6.4192 -3.23594e-12 
6.4301 -3.2053e-12 
6.441 -3.17506e-12 
6.4519 -3.14523e-12 
6.4628 -3.11581e-12 
6.4737 -3.08677e-12 
6.4846 -3.05812e-12 
6.4955 -3.02985e-12 
6.5064 -3.00195e-12 
6.5173 -2.97441e-12 
6.5282 -2.94725e-12 
6.5391 -2.92042e-12 
6.55 -2.89394e-12 
6.5609 -2.86782e-12 
6.5718 -2.84201e-12 
6.5827 -2.81653e-12 
6.5936 -2.79139e-12 
6.6045 -2.76656e-12 
6.6154 -2.74205e-12 
6.6263 -2.71783e-12 
6.6372 -2.69393e-12 
6.6481 -2.67032e-12 
6.659 -2.64699e-12 
6.6699 -2.62396e-12 
6.6808 -2.60121e-12 
6.6917 -2.57875e-12 
6.7026 -2.55654e-12 
6.7135 -2.53461e-12 
6.7244 -2.51295e-12 
6.7353 -2.49155e-12 
6.7462 -2.4704e-12 
6.7571 -2.44951e-12 
6.768 -2.42886e-12 
6.7789 -2.40847e-12 
6.7898 -2.38831e-12 
6.8007 -2.36839e-12 
6.8116 -2.34871e-12 
6.8225 -2.32925e-12 
6.8334 -2.31003e-12 
6.8443 -2.29102e-12 
6.8552 -2.27224e-12 
6.8661 -2.25366e-12 
6.877 -2.23531e-12 
6.8879 -2.21717e-12 
6.8988 -2.19923e-12 
6.9097 -2.1815e-12 
6.9206 -2.16398e-12 
6.9315 -2.14665e-12 
6.9424 -2.12951e-12 
6.9533 -2.11257e-12 
6.9642 -2.09582e-12 
6.9751 -2.07926e-12 
6.986 -2.06288e-12 
6.9969 -2.04668e-12 
7.0078 -2.03067e-12 
7.0187 -2.01483e-12 
7.0296 -1.99916e-12 
7.0405 -1.98367e-12 
7.0514 -1.96834e-12 
7.0623 -1.95319e-12 
7.0732 -1.93821e-12 
7.0841 -1.92337e-12 
7.095 -1.9087e-12 
7.1059 -1.8942e-12 
7.1168 -1.87985e-12 
7.1277 -1.86565e-12 
7.1386 -1.8516e-12 
7.1495 -1.83771e-12 
7.1604 -1.82396e-12 
7.1713 -1.81036e-12 
7.1822 -1.7969e-12 
7.1931 -1.78359e-12 
7.204 -1.77042e-12 
7.2149 -1.75738e-12 
7.2258 -1.74448e-12 
7.2367 -1.73172e-12 
7.2476 -1.71909e-12 
7.2585 -1.7066e-12 
7.2694 -1.69421e-12 
7.2803 -1.68198e-12 
7.2912 -1.66986e-12 
7.3021 -1.65787e-12 
7.313 -1.646e-12 
7.3239 -1.63426e-12 
7.3348 -1.62263e-12 
7.3457 -1.61112e-12 
7.3566 -1.59973e-12 
7.3675 -1.58845e-12 
7.3784 -1.5773e-12 
7.3893 -1.56624e-12 
7.4002 -1.55531e-12 
7.4111 -1.54448e-12 
7.422 -1.53376e-12 
7.4329 -1.52314e-12 
7.4438 -1.51264e-12 
7.4547 -1.50223e-12 
7.4656 -1.49194e-12 
7.4765 -1.48174e-12 
7.4874 -1.47164e-12 
7.4983 -1.46164e-12 
7.5092 -1.45174e-12 
7.5201 -1.44194e-12 
7.531 -1.43223e-12 
7.5419 -1.42262e-12 
7.5528 -1.4131e-12 
7.5637 -1.40367e-12 
7.5746 -1.39434e-12 
7.5855 -1.38509e-12 
7.5964 -1.37593e-12 
7.6073 -1.36686e-12 
7.6182 -1.35788e-12 
7.6291 -1.34899e-12 
7.64 -1.34017e-12 
7.6509 -1.33144e-12 
7.6618 -1.3228e-12 
7.6727 -1.31423e-12 
7.6836 -1.30575e-12 
7.6945 -1.29735e-12 
7.7054 -1.28903e-12 
7.7163 -1.28078e-12 
7.7272 -1.27261e-12 
7.7381 -1.26452e-12 
7.749 -1.2565e-12 
7.7599 -1.24856e-12 
7.7708 -1.24069e-12 
7.7817 -1.23289e-12 
7.7926 -1.22517e-12 
7.8035 -1.21751e-12 
7.8144 -1.20993e-12 
7.8253 -1.20242e-12 
7.8362 -1.19497e-12 
7.8471 -1.18759e-12 
7.858 -1.18028e-12 
7.8689 -1.17304e-12 
7.8798 -1.16586e-12 
7.8907 -1.15875e-12 
7.9016 -1.1517e-12 
7.9125 -1.14471e-12 
7.9234 -1.13779e-12 
7.9343 -1.13093e-12 
7.9452 -1.12413e-12 
7.9561 -1.11739e-12 
7.967 -1.11071e-12 
7.9779 -1.10409e-12 
7.9888 -1.09753e-12 
7.9997 -1.09102e-12 
8.0106 -1.08458e-12 
8.0215 -1.07819e-12 
8.0324 -1.07185e-12 
8.0433 -1.06557e-12 
8.0542 -1.05935e-12 
8.0651 -1.05318e-12 
8.076 -1.04707e-12 
8.0869 -1.041e-12 
8.0978 -1.03499e-12 
8.1087 -1.02904e-12 
8.1196 -1.02313e-12 
8.1305 -1.01727e-12 
8.1414 -1.01147e-12 
8.1523 -1.00571e-12 
8.1632 -1e-12 
8.1741 -9.94346e-13 
8.185 -9.88736e-13 
8.1959 -9.83173e-13 
8.2068 -9.77658e-13 
8.2177 -9.72189e-13 
8.2286 -9.66767e-13 
8.2395 -9.6139e-13 
8.2504 -9.56058e-13 
8.2613 -9.50771e-13 
8.2722 -9.45529e-13 
8.2831 -9.40329e-13 
8.294 -9.35174e-13 
8.3049 -9.3006e-13 
8.3158 -9.24989e-13 
8.3267 -9.19961e-13 
8.3376 -9.14973e-13 
8.3485 -9.10027e-13 
8.3594 -9.05122e-13 
8.3703 -9.00256e-13 
8.3812 -8.95431e-13 
8.3921 -8.90645e-13 
8.403 -8.85898e-13 
8.4139 -8.81189e-13 
8.4248 -8.76519e-13 
8.4357 -8.71886e-13 
8.4466 -8.67291e-13 
8.4575 -8.62733e-13 
8.4684 -8.58212e-13 
8.4793 -8.53727e-13 
8.4902 -8.49277e-13 
8.5011 -8.44864e-13 
8.512 -8.40486e-13 
8.5229 -8.36142e-13 
8.5338 -8.31833e-13 
8.5447 -8.27558e-13 
8.5556 -8.23317e-13 
8.5665 -8.19109e-13 
8.5774 -8.14935e-13 
8.5883 -8.10793e-13 
8.5992 -8.06684e-13 
8.6101 -8.02607e-13 
8.621 -7.98561e-13 
8.6319 -7.94548e-13 
8.6428 -7.90565e-13 
8.6537 -7.86614e-13 
8.6646 -7.82693e-13 
8.6755 -7.78802e-13 
8.6864 -7.74941e-13 
8.6973 -7.7111e-13 
8.7082 -7.67309e-13 
8.7191 -7.63537e-13 
8.73 -7.59794e-13 
8.7409 -7.56079e-13 
8.7518 -7.52391e-13 
8.7627 -7.48732e-13 
8.7736 -7.45102e-13 
8.7845 -7.41498e-13 
8.7954 -7.37922e-13 
8.8063 -7.34373e-13 
8.8172 -7.30851e-13 
8.8281 -7.27354e-13 
8.839 -7.23885e-13 
8.8499 -7.20441e-13 
8.8608 -7.17022e-13 
8.8717 -7.13629e-13 
8.8826 -7.10261e-13 
8.8935 -7.06919e-13 
8.9044 -7.03601e-13 
8.9153 -7.00308e-13 
8.9262 -6.97039e-13 
8.9371 -6.93794e-13 
8.948 -6.90572e-13 
8.9589 -6.87374e-13 
8.9698 -6.842e-13 
8.9807 -6.81048e-13 
8.9916 -6.77921e-13 
9.0025 -6.74815e-13 
9.0134 -6.71732e-13 
9.0243 -6.68671e-13 
9.0352 -6.65632e-13 
9.0461 -6.62615e-13 
9.057 -6.5962e-13 
9.0679 -6.56647e-13 
9.0788 -6.53694e-13 
9.0897 -6.50763e-13 
9.1006 -6.47852e-13 
9.1115 -6.44963e-13 
9.1224 -6.42094e-13 
9.1333 -6.39245e-13 
9.1442 -6.36417e-13 
9.1551 -6.33608e-13 
9.166 -6.30819e-13 
9.1769 -6.2805e-13 
9.1878 -6.253e-13 
9.1987 -6.2257e-13 
9.2096 -6.19858e-13 
9.2205 -6.17165e-13 
9.2314 -6.14491e-13 
9.2423 -6.11837e-13 
9.2532 -6.09199e-13 
9.2641 -6.06581e-13 
9.275 -6.0398e-13 
9.2859 -6.01397e-13 
9.2968 -5.98832e-13 
9.3077 -5.96285e-13 
9.3186 -5.93756e-13 
9.3295 -5.91243e-13 
9.3404 -5.88747e-13 
9.3513 -5.86269e-13 
9.3622 -5.83808e-13 
9.3731 -5.81363e-13 
9.384 -5.78934e-13 
9.3949 -5.76522e-13 
9.4058 -5.74126e-13 
9.4167 -5.71747e-13 
9.4276 -5.69383e-13 
9.4385 -5.67035e-13 
9.4494 -5.64703e-13 
9.4603 -5.62386e-13 
9.4712 -5.60086e-13 
9.4821 -5.57799e-13 
9.493 -5.55529e-13 
9.5039 -5.53273e-13 
9.5148 -5.51032e-13 
9.5257 -5.48806e-13 
9.5366 -5.46595e-13 
9.5475 -5.44398e-13 
9.5584 -5.42216e-13 
9.5693 -5.40048e-13 
9.5802 -5.37893e-13 
9.5911 -5.35753e-13 
9.602 -5.33627e-13 
9.6129 -5.31515e-13 
9.6238 -5.29416e-13 
9.6347 -5.27331e-13 
9.6456 -5.2526e-13 
9.6565 -5.23201e-13 
9.6674 -5.21156e-13 
9.6783 -5.19124e-13 
9.6892 -5.17105e-13 
9.7001 -5.15099e-13 
9.711 -5.13106e-13 
9.7219 -5.11125e-13 
9.7328 -5.09157e-13 
9.7437 -5.07201e-13 
9.7546 -5.05258e-13 
9.7655 -5.03327e-13 
9.7764 -5.01408e-13 
9.7873 -4.99501e-13 
9.7982 -4.97607e-13 
9.8091 -4.95723e-13 
9.82 -4.93852e-13 
9.8309 -4.91993e-13 
9.8418 -4.90145e-13 
9.8527 -4.88309e-13 
9.8636 -4.86483e-13 
9.8745 -4.8467e-13 
9.8854 -4.82867e-13 
9.8963 -4.81075e-13 
9.9072 -4.79295e-13 
9.9181 -4.77526e-13 
9.929 -4.75767e-13 
9.9399 -4.74019e-13 
9.9508 -4.72281e-13 
9.9617 -4.70555e-13 
9.9726 -4.68839e-13 
9.9835 -4.67133e-13 
9.9944 -4.65438e-13 
10.0053 -4.63752e-13 
10.0162 -4.62077e-13 
10.0271 -4.60412e-13 
10.038 -4.58757e-13 
10.0489 -4.57112e-13 
10.0598 -4.55476e-13 
10.0707 -4.53851e-13 
10.0816 -4.52235e-13 
10.0925 -4.50629e-13 
10.1034 -4.49032e-13 
10.1143 -4.47445e-13 
10.1252 -4.45867e-13 
10.1361 -4.44299e-13 
10.147 -4.4274e-13 
10.1579 -4.4119e-13 
10.1688 -4.39649e-13 
10.1797 -4.38117e-13 
10.1906 -4.36594e-13 
10.2015 -4.35079e-13 
10.2124 -4.33574e-13 
10.2233 -4.32077e-13 
10.2342 -4.30589e-13 
10.2451 -4.2911e-13 
10.256 -4.2764e-13 
10.2669 -4.26177e-13 
10.2778 -4.24723e-13 
10.2887 -4.23278e-13 
10.2996 -4.21841e-13 
10.3105 -4.20412e-13 
10.3214 -4.18991e-13 
10.3323 -4.17578e-13 
10.3432 -4.16174e-13 
10.3541 -4.14777e-13 
10.365 -4.13388e-13 
10.3759 -4.12007e-13 
10.3868 -4.10634e-13 
10.3977 -4.09269e-13 
10.4086 -4.07911e-13 
10.4195 -4.06561e-13 
10.4304 -4.05218e-13 
10.4413 -4.03883e-13 
10.4522 -4.02556e-13 
10.4631 -4.01235e-13 
10.474 -3.99922e-13 
10.4849 -3.98617e-13 
10.4958 -3.97319e-13 
10.5067 -3.96027e-13 
10.5176 -3.94743e-13 
10.5285 -3.93466e-13 
10.5394 -3.92196e-13 
10.5503 -3.90933e-13 
10.5612 -3.89677e-13 
10.5721 -3.88428e-13 
10.583 -3.87186e-13 
10.5939 -3.8595e-13 
10.6048 -3.84721e-13 
10.6157 -3.83499e-13 
10.6266 -3.82283e-13 
10.6375 -3.81074e-13 
10.6484 -3.79871e-13 
10.6593 -3.78675e-13 
10.6702 -3.77486e-13 
10.6811 -3.76302e-13 
10.692 -3.75125e-13 
10.7029 -3.73954e-13 
10.7138 -3.7279e-13 
10.7247 -3.71632e-13 
10.7356 -3.7048e-13 
10.7465 -3.69334e-13 
10.7574 -3.68193e-13 
10.7683 -3.6706e-13 
10.7792 -3.65932e-13 
10.7901 -3.6481e-13 
10.801 -3.63694e-13 
10.8119 -3.62583e-13 
10.8228 -3.61479e-13 
10.8337 -3.6038e-13 
10.8446 -3.59287e-13 
10.8555 -3.58199e-13 
10.8664 -3.57118e-13 
10.8773 -3.56042e-13 
10.8882 -3.54972e-13 
10.8991 -3.53906e-13 
10.91 -3.52847e-13 
10.9209 -3.51793e-13 
10.9318 -3.50744e-13 
10.9427 -3.49701e-13 
10.9536 -3.48663e-13 
10.9645 -3.47631e-13 
10.9754 -3.46603e-13 
10.9863 -3.45581e-13 
10.9972 -3.44564e-13 
11.0081 -3.43552e-13 
11.019 -3.42545e-13 
11.0299 -3.41544e-13 
11.0408 -3.40547e-13 
11.0517 -3.39556e-13 
11.0626 -3.38569e-13 
11.0735 -3.37588e-13 
11.0844 -3.36611e-13 
11.0953 -3.35639e-13 
11.1062 -3.34672e-13 
11.1171 -3.3371e-13 
11.128 -3.32752e-13 
11.1389 -3.318e-13 
11.1498 -3.30851e-13 
11.1607 -3.29908e-13 
11.1716 -3.28969e-13 
11.1825 -3.28036e-13 
11.1934 -3.27106e-13 
11.2043 -3.26181e-13 
11.2152 -3.25261e-13 
11.2261 -3.24345e-13 
11.237 -3.23433e-13 
11.2479 -3.22526e-13 
11.2588 -3.21624e-13 
11.2697 -3.20726e-13 
11.2806 -3.19832e-13 
11.2915 -3.18942e-13 
11.3024 -3.18057e-13 
11.3133 -3.17176e-13 
11.3242 -3.16299e-13 
11.3351 -3.15426e-13 
11.346 -3.14558e-13 
11.3569 -3.13694e-13 
11.3678 -3.12834e-13 
11.3787 -3.11977e-13 
11.3896 -3.11125e-13 
11.4005 -3.10277e-13 
11.4114 -3.09433e-13 
11.4223 -3.08594e-13 
11.4332 -3.07757e-13 
11.4441 -3.06925e-13 
11.455 -3.06097e-13 
11.4659 -3.05273e-13 
11.4768 -3.04453e-13 
11.4877 -3.03636e-13 
11.4986 -3.02823e-13 
11.5095 -3.02014e-13 
11.5204 -3.01209e-13 
11.5313 -3.00407e-13 
11.5422 -2.99609e-13 
11.5531 -2.98815e-13 
11.564 -2.98025e-13 
11.5749 -2.97238e-13 
11.5858 -2.96455e-13 
11.5967 -2.95675e-13 
11.6076 -2.94899e-13 
11.6185 -2.94126e-13 
11.6294 -2.93357e-13 
11.6403 -2.92592e-13 
11.6512 -2.9183e-13 
11.6621 -2.91071e-13 
11.673 -2.90316e-13 
11.6839 -2.89564e-13 
11.6948 -2.88816e-13 
11.7057 -2.88071e-13 
11.7166 -2.8733e-13 
11.7275 -2.86591e-13 
11.7384 -2.85856e-13 
11.7493 -2.85125e-13 
11.7602 -2.84396e-13 
11.7711 -2.83671e-13 
11.782 -2.82949e-13 
11.7929 -2.8223e-13 
11.8038 -2.81515e-13 
11.8147 -2.80802e-13 
11.8256 -2.80093e-13 
11.8365 -2.79387e-13 
11.8474 -2.78684e-13 
11.8583 -2.77984e-13 
11.8692 -2.77287e-13 
11.8801 -2.76593e-13 
11.891 -2.75903e-13 
11.9019 -2.75215e-13 
11.9128 -2.7453e-13 
11.9237 -2.73848e-13 
11.9346 -2.73169e-13 
11.9455 -2.72494e-13 
11.9564 -2.71821e-13 
11.9673 -2.71151e-13 
11.9782 -2.70483e-13 
11.9891 -2.69819e-13 
