0.01 -2.25459e-05 
0.0209 -2.13426e-05 
0.0318 -2.02131e-05 
0.0427 -1.91537e-05 
0.0536 -1.81607e-05 
0.0645 -1.72304e-05 
0.0754 -1.6359e-05 
0.0863 -1.55428e-05 
0.0972 -1.4778e-05 
0.1081 -1.40614e-05 
0.119 -1.33896e-05 
0.1299 -1.27595e-05 
0.1408 -1.21683e-05 
0.1517 -1.16131e-05 
0.1626 -1.10914e-05 
0.1735 -1.0601e-05 
0.1844 -1.01395e-05 
0.1953 -9.70509e-06 
0.2062 -9.29572e-06 
0.2171 -8.90972e-06 
0.228 -8.54547e-06 
0.2389 -8.20146e-06 
0.2498 -7.87637e-06 
0.2607 -7.56888e-06 
0.2716 -7.27783e-06 
0.2825 -7.00214e-06 
0.2934 -6.7408e-06 
0.3043 -6.49288e-06 
0.3152 -6.25754e-06 
0.3261 -6.03396e-06 
0.337 -5.82141e-06 
0.3479 -5.61921e-06 
0.3588 -5.42672e-06 
0.3697 -5.24336e-06 
0.3806 -5.06857e-06 
0.3915 -4.90186e-06 
0.4024 -4.74274e-06 
0.4133 -4.59077e-06 
0.4242 -4.44555e-06 
0.4351 -4.3067e-06 
0.446 -4.17385e-06 
0.4569 -4.04669e-06 
0.4678 -3.92488e-06 
0.4787 -3.80815e-06 
0.4896 -3.69623e-06 
0.5005 -3.58885e-06 
0.5114 -3.48578e-06 
0.5223 -3.3868e-06 
0.5332 -3.2917e-06 
0.5441 -3.20029e-06 
0.555 -3.11237e-06 
0.5659 -3.02778e-06 
0.5768 -2.94635e-06 
0.5877 -2.86793e-06 
0.5986 -2.79238e-06 
0.6095 -2.71955e-06 
0.6204 -2.64933e-06 
0.6313 -2.58158e-06 
0.6422 -2.51621e-06 
0.6531 -2.45309e-06 
0.664 -2.39213e-06 
0.6749 -2.33323e-06 
0.6858 -2.2763e-06 
0.6967 -2.22126e-06 
0.7076 -2.16802e-06 
0.7185 -2.1165e-06 
0.7294 -2.06664e-06 
0.7403 -2.01836e-06 
0.7512 -1.9716e-06 
0.7621 -1.92629e-06 
0.773 -1.88238e-06 
0.7839 -1.8398e-06 
0.7948 -1.79851e-06 
0.8057 -1.75846e-06 
0.8166 -1.71959e-06 
0.8275 -1.68186e-06 
0.8384 -1.64523e-06 
0.8493 -1.60965e-06 
0.8602 -1.57508e-06 
0.8711 -1.54149e-06 
0.882 -1.50883e-06 
0.8929 -1.47709e-06 
0.9038 -1.44621e-06 
0.9147 -1.41617e-06 
0.9256 -1.38694e-06 
0.9365 -1.35849e-06 
0.9474 -1.33079e-06 
0.9583 -1.30381e-06 
0.9692 -1.27754e-06 
0.9801 -1.25194e-06 
0.991 -1.22699e-06 
1.0019 -1.20267e-06 
1.0128 -1.17896e-06 
1.0237 -1.15583e-06 
1.0346 -1.13328e-06 
1.0455 -1.11127e-06 
1.0564 -1.08979e-06 
1.0673 -1.06882e-06 
1.0782 -1.04834e-06 
1.0891 -1.02835e-06 
1.1 -1.00881e-06 
1.1109 -9.89718e-07 
1.1218 -9.71055e-07 
1.1327 -9.52806e-07 
1.1436 -9.34955e-07 
1.1545 -9.17487e-07 
1.1654 -9.00385e-07 
1.1763 -8.83633e-07 
1.1872 -8.6721e-07 
1.1981 -8.51096e-07 
1.209 -8.35275e-07 
1.2199 -8.19761e-07 
1.2308 -8.04579e-07 
1.2417 -7.89742e-07 
1.2526 -7.75251e-07 
1.2635 -7.61102e-07 
1.2744 -7.47288e-07 
1.2853 -7.338e-07 
1.2962 -7.20631e-07 
1.3071 -7.07772e-07 
1.318 -6.95213e-07 
1.3289 -6.82946e-07 
1.3398 -6.70963e-07 
1.3507 -6.59254e-07 
1.3616 -6.47813e-07 
1.3725 -6.3663e-07 
1.3834 -6.25699e-07 
1.3943 -6.15011e-07 
1.4052 -6.0456e-07 
1.4161 -5.94338e-07 
1.427 -5.84339e-07 
1.4379 -5.74557e-07 
1.4488 -5.64984e-07 
1.4597 -5.55615e-07 
1.4706 -5.46444e-07 
1.4815 -5.37465e-07 
1.4924 -5.28674e-07 
1.5033 -5.20064e-07 
1.5142 -5.1163e-07 
1.5251 -5.03368e-07 
1.536 -4.95272e-07 
1.5469 -4.87339e-07 
1.5578 -4.79563e-07 
1.5687 -4.71941e-07 
1.5796 -4.64469e-07 
1.5905 -4.57142e-07 
1.6014 -4.49956e-07 
1.6123 -4.42907e-07 
1.6232 -4.35993e-07 
1.6341 -4.2921e-07 
1.645 -4.22553e-07 
1.6559 -4.16021e-07 
1.6668 -4.09609e-07 
1.6777 -4.03315e-07 
1.6886 -3.97136e-07 
1.6995 -3.91068e-07 
1.7104 -3.85109e-07 
1.7213 -3.79257e-07 
1.7322 -3.73508e-07 
1.7431 -3.67861e-07 
1.754 -3.62312e-07 
1.7649 -3.56859e-07 
1.7758 -3.515e-07 
1.7867 -3.46233e-07 
1.7976 -3.41056e-07 
1.8085 -3.35965e-07 
1.8194 -3.3096e-07 
1.8303 -3.26038e-07 
1.8412 -3.21198e-07 
1.8521 -3.16437e-07 
1.863 -3.11753e-07 
1.8739 -3.07145e-07 
1.8848 -3.02611e-07 
1.8957 -2.98149e-07 
1.9066 -2.93758e-07 
1.9175 -2.89436e-07 
1.9284 -2.85181e-07 
1.9393 -2.80992e-07 
1.9502 -2.76867e-07 
1.9611 -2.72805e-07 
1.972 -2.68804e-07 
1.9829 -2.64863e-07 
1.9938 -2.6098e-07 
2.0047 -2.57154e-07 
2.0156 -2.53384e-07 
2.0265 -2.49668e-07 
2.0374 -2.46005e-07 
2.0483 -2.42394e-07 
2.0592 -2.38832e-07 
2.0701 -2.3532e-07 
2.081 -2.31854e-07 
2.0919 -2.28434e-07 
2.1028 -2.25058e-07 
2.1137 -2.21725e-07 
2.1246 -2.18437e-07 
2.1355 -2.15197e-07 
2.1464 -2.12007e-07 
2.1573 -2.08868e-07 
2.1682 -2.05778e-07 
2.1791 -2.02737e-07 
2.19 -1.99743e-07 
2.2009 -1.96796e-07 
2.2118 -1.93893e-07 
2.2227 -1.91034e-07 
2.2336 -1.88217e-07 
2.2445 -1.85441e-07 
2.2554 -1.82705e-07 
2.2663 -1.80008e-07 
2.2772 -1.77348e-07 
2.2881 -1.74725e-07 
2.299 -1.72137e-07 
2.3099 -1.69583e-07 
2.3208 -1.67063e-07 
2.3317 -1.64574e-07 
2.3426 -1.62117e-07 
2.3535 -1.59689e-07 
2.3644 -1.57291e-07 
2.3753 -1.54921e-07 
2.3862 -1.52577e-07 
2.3971 -1.5026e-07 
2.408 -1.47967e-07 
2.4189 -1.45699e-07 
2.4298 -1.43453e-07 
2.4407 -1.4123e-07 
2.4516 -1.39028e-07 
2.4625 -1.36846e-07 
2.4734 -1.34683e-07 
2.4843 -1.32538e-07 
2.4952 -1.30411e-07 
2.5061 -1.28299e-07 
2.517 -1.26203e-07 
2.5279 -1.24122e-07 
2.5388 -1.22053e-07 
2.5497 -1.19997e-07 
2.5606 -1.17952e-07 
2.5715 -1.15917e-07 
2.5824 -1.13891e-07 
2.5933 -1.11873e-07 
2.6042 -1.09862e-07 
2.6151 -1.07856e-07 
2.626 -1.05855e-07 
2.6369 -1.03857e-07 
2.6478 -1.01861e-07 
2.6587 -9.98653e-08 
2.6696 -9.7869e-08 
2.6805 -9.58705e-08 
2.6914 -9.38682e-08 
2.7023 -9.18605e-08 
2.7132 -8.98459e-08 
2.7241 -8.78225e-08 
2.735 -8.57886e-08 
2.7459 -8.37421e-08 
2.7568 -8.16809e-08 
2.7677 -7.96029e-08 
2.7786 -7.75056e-08 
2.7895 -7.53864e-08 
2.8004 -7.32424e-08 
2.8113 -7.10709e-08 
2.8222 -6.88682e-08 
2.8331 -6.66307e-08 
2.844 -6.43544e-08 
2.8549 -6.20349e-08 
2.8658 -5.96669e-08 
2.8767 -5.72447e-08 
2.8876 -5.47618e-08 
2.8985 -5.22106e-08 
2.9094 -4.95821e-08 
2.9203 -4.68659e-08 
2.9312 -4.40493e-08 
2.9421 -4.11167e-08 
2.953 -3.80488e-08 
2.9639 -3.48208e-08 
2.9748 -3.14005e-08 
2.9857 -2.77461e-08 
2.9966 -2.38045e-08 
3.0075 -1.95265e-08 
3.0184 -1.4982e-08 
3.0293 -1.08712e-08 
3.0402 -8.40675e-09 
3.0511 -7.25221e-09 
3.062 -6.64874e-09 
3.0729 -6.27373e-09 
3.0838 -6.00618e-09 
3.0947 -5.79499e-09 
3.1056 -5.61619e-09 
3.1165 -5.45726e-09 
3.1274 -5.31133e-09 
3.1383 -5.17442e-09 
3.1492 -5.04406e-09 
3.1601 -4.91873e-09 
3.171 -4.79746e-09 
3.1819 -4.6796e-09 
3.1928 -4.56472e-09 
3.2037 -4.45253e-09 
3.2146 -4.34282e-09 
3.2255 -4.23543e-09 
3.2364 -4.13031e-09 
3.2473 -4.02732e-09 
3.2582 -3.92645e-09 
3.2691 -3.82762e-09 
3.28 -3.73083e-09 
3.2909 -3.63601e-09 
3.3018 -3.54317e-09 
3.3127 -3.45225e-09 
3.3236 -3.36321e-09 
3.3345 -3.27608e-09 
3.3454 -3.1908e-09 
3.3563 -3.10734e-09 
3.3672 -3.0257e-09 
3.3781 -2.94584e-09 
3.389 -2.86773e-09 
3.3999 -2.79136e-09 
3.4108 -2.71669e-09 
3.4217 -2.6437e-09 
3.4326 -2.57236e-09 
3.4435 -2.50264e-09 
3.4544 -2.43452e-09 
3.4653 -2.36797e-09 
3.4762 -2.30297e-09 
3.4871 -2.23948e-09 
3.498 -2.17748e-09 
3.5089 -2.11694e-09 
3.5198 -2.05784e-09 
3.5307 -2.00016e-09 
3.5416 -1.94385e-09 
3.5525 -1.88891e-09 
3.5634 -1.83529e-09 
3.5743 -1.78299e-09 
3.5852 -1.73197e-09 
3.5961 -1.6822e-09 
3.607 -1.63367e-09 
3.6179 -1.58635e-09 
3.6288 -1.54021e-09 
3.6397 -1.49524e-09 
3.6506 -1.45141e-09 
3.6615 -1.4087e-09 
3.6724 -1.36708e-09 
3.6833 -1.32654e-09 
3.6942 -1.28706e-09 
3.7051 -1.24861e-09 
3.716 -1.21118e-09 
3.7269 -1.17474e-09 
3.7378 -1.13928e-09 
3.7487 -1.10478e-09 
3.7596 -1.07122e-09 
3.7705 -1.03858e-09 
3.7814 -1.00685e-09 
3.7923 -9.76022e-10 
3.8032 -9.46068e-10 
3.8141 -9.16977e-10 
3.825 -8.88737e-10 
3.8359 -8.61337e-10 
3.8468 -8.34765e-10 
3.8577 -8.09017e-10 
3.8686 -7.84082e-10 
3.8795 -7.59949e-10 
3.8904 -7.36626e-10 
3.9013 -7.14116e-10 
3.9122 -6.92419e-10 
3.9231 -6.71562e-10 
3.934 -6.51555e-10 
3.9449 -6.32389e-10 
3.9558 -6.13939e-10 
3.9667 -5.96071e-10 
3.9776 -5.78707e-10 
3.9885 -5.61803e-10 
3.9994 -5.45333e-10 
4.0103 -5.29283e-10 
4.0212 -5.13632e-10 
4.0321 -4.98368e-10 
4.043 -4.83479e-10 
4.0539 -4.68958e-10 
4.0648 -4.54796e-10 
4.0757 -4.40981e-10 
4.0866 -4.27504e-10 
4.0975 -4.1436e-10 
4.1084 -4.0154e-10 
4.1193 -3.89036e-10 
4.1302 -3.7684e-10 
4.1411 -3.64949e-10 
4.152 -3.53351e-10 
4.1629 -3.42044e-10 
4.1738 -3.31017e-10 
4.1847 -3.20267e-10 
4.1956 -3.0979e-10 
4.2065 -2.99574e-10 
4.2174 -2.89618e-10 
4.2283 -2.79917e-10 
4.2392 -2.70463e-10 
4.2501 -2.61252e-10 
4.261 -2.52278e-10 
4.2719 -2.43537e-10 
4.2828 -2.35023e-10 
4.2937 -2.26732e-10 
4.3046 -2.1866e-10 
4.3155 -2.10801e-10 
4.3264 -2.03151e-10 
4.3373 -1.95708e-10 
4.3482 -1.88464e-10 
4.3591 -1.81417e-10 
4.37 -1.74563e-10 
4.3809 -1.67897e-10 
4.3918 -1.61418e-10 
4.4027 -1.55119e-10 
4.4136 -1.48998e-10 
4.4245 -1.43051e-10 
4.4354 -1.37275e-10 
4.4463 -1.31666e-10 
4.4572 -1.26222e-10 
4.4681 -1.20939e-10 
4.479 -1.15813e-10 
4.4899 -1.10843e-10 
4.5008 -1.06024e-10 
4.5117 -1.01356e-10 
4.5226 -9.68335e-11 
4.5335 -9.24556e-11 
4.5444 -8.82188e-11 
4.5553 -8.4121e-11 
4.5662 -8.01597e-11 
4.5771 -7.63328e-11 
4.588 -7.26379e-11 
4.5989 -6.90734e-11 
4.6098 -6.56368e-11 
4.6207 -6.23262e-11 
4.6316 -5.914e-11 
4.6425 -5.60767e-11 
4.6534 -5.31344e-11 
4.6643 -5.03116e-11 
4.6752 -4.76072e-11 
4.6861 -4.50203e-11 
4.697 -4.25496e-11 
4.7079 -4.01943e-11 
4.7188 -3.79538e-11 
4.7297 -3.58278e-11 
4.7406 -3.38165e-11 
4.7515 -3.192e-11 
4.7624 -3.01391e-11 
4.7733 -2.84752e-11 
4.7842 -2.69302e-11 
4.7951 -2.55071e-11 
4.806 -2.42102e-11 
4.8169 -2.30455e-11 
4.8278 -2.20218e-11 
4.8387 -2.11505e-11 
4.8496 -2.04414e-11 
4.8605 -1.98785e-11 
4.8714 -1.94108e-11 
4.8823 -1.89977e-11 
4.8932 -1.86192e-11 
4.9041 -1.82653e-11 
4.915 -1.79302e-11 
4.9259 -1.76106e-11 
4.9368 -1.73039e-11 
4.9477 -1.70086e-11 
4.9586 -1.67233e-11 
4.9695 -1.64471e-11 
4.9804 -1.61792e-11 
4.9913 -1.59188e-11 
5.0022 -1.56657e-11 
5.0131 -1.54191e-11 
5.024 -1.51788e-11 
5.0349 -1.49444e-11 
5.0458 -1.47156e-11 
5.0567 -1.44922e-11 
5.0676 -1.42738e-11 
5.0785 -1.40603e-11 
5.0894 -1.38515e-11 
5.1003 -1.36472e-11 
5.1112 -1.34472e-11 
5.1221 -1.32515e-11 
5.133 -1.30597e-11 
5.1439 -1.28718e-11 
5.1548 -1.26877e-11 
5.1657 -1.25073e-11 
5.1766 -1.23304e-11 
5.1875 -1.2157e-11 
5.1984 -1.19869e-11 
5.2093 -1.182e-11 
5.2202 -1.16562e-11 
5.2311 -1.14956e-11 
5.242 -1.13378e-11 
5.2529 -1.1183e-11 
5.2638 -1.10311e-11 
5.2747 -1.08819e-11 
5.2856 -1.07353e-11 
5.2965 -1.05914e-11 
5.3074 -1.04501e-11 
5.3183 -1.03112e-11 
5.3292 -1.01747e-11 
5.3401 -1.00407e-11 
5.351 -9.90894e-12 
5.3619 -9.77945e-12 
5.3728 -9.65219e-12 
5.3837 -9.52709e-12 
5.3946 -9.40408e-12 
5.4055 -9.28321e-12 
5.4164 -9.1643e-12 
5.4273 -9.0474e-12 
5.4382 -8.9324e-12 
5.4491 -8.81932e-12 
5.46 -8.70811e-12 
5.4709 -8.59871e-12 
5.4818 -8.49108e-12 
5.4927 -8.38519e-12 
5.5036 -8.28101e-12 
5.5145 -8.17848e-12 
5.5254 -8.07761e-12 
5.5363 -7.97836e-12 
5.5472 -7.88065e-12 
5.5581 -7.7845e-12 
5.569 -7.68986e-12 
5.5799 -7.59669e-12 
5.5908 -7.50498e-12 
5.6017 -7.41469e-12 
5.6126 -7.32576e-12 
5.6235 -7.23823e-12 
5.6344 -7.15205e-12 
5.6453 -7.06718e-12 
5.6562 -6.9836e-12 
5.6671 -6.90131e-12 
5.678 -6.82023e-12 
5.6889 -6.74035e-12 
5.6998 -6.66171e-12 
5.7107 -6.58423e-12 
5.7216 -6.50791e-12 
5.7325 -6.43271e-12 
5.7434 -6.35865e-12 
5.7543 -6.28566e-12 
5.7652 -6.21375e-12 
5.7761 -6.14287e-12 
5.787 -6.07309e-12 
5.7979 -6.00425e-12 
5.8088 -5.93643e-12 
5.8197 -5.86963e-12 
5.8306 -5.80374e-12 
5.8415 -5.73882e-12 
5.8524 -5.67478e-12 
5.8633 -5.61173e-12 
5.8742 -5.54952e-12 
5.8851 -5.48822e-12 
5.896 -5.4278e-12 
5.9069 -5.36822e-12 
5.9178 -5.30945e-12 
5.9287 -5.25153e-12 
5.9396 -5.1944e-12 
5.9505 -5.13807e-12 
5.9614 -5.08252e-12 
5.9723 -5.02776e-12 
5.9832 -4.97372e-12 
5.9941 -4.92047e-12 
6.005 -4.8679e-12 
6.0159 -4.81609e-12 
6.0268 -4.76494e-12 
6.0377 -4.71452e-12 
6.0486 -4.66478e-12 
6.0595 -4.61571e-12 
6.0704 -4.56729e-12 
6.0813 -4.51954e-12 
6.0922 -4.47243e-12 
6.1031 -4.42593e-12 
6.114 -4.38006e-12 
6.1249 -4.3348e-12 
6.1358 -4.29014e-12 
6.1467 -4.24604e-12 
6.1576 -4.20256e-12 
6.1685 -4.15965e-12 
6.1794 -4.11729e-12 
6.1903 -4.0755e-12 
6.2012 -4.03424e-12 
6.2121 -3.99351e-12 
6.223 -3.95331e-12 
6.2339 -3.91365e-12 
6.2448 -3.8745e-12 
6.2557 -3.83583e-12 
6.2666 -3.79768e-12 
6.2775 -3.75999e-12 
6.2884 -3.72279e-12 
6.2993 -3.68607e-12 
6.3102 -3.64983e-12 
6.3211 -3.61404e-12 
6.332 -3.5787e-12 
6.3429 -3.54379e-12 
6.3538 -3.50935e-12 
6.3647 -3.47531e-12 
6.3756 -3.44171e-12 
6.3865 -3.40854e-12 
6.3974 -3.37577e-12 
6.4083 -3.3434e-12 
6.4192 -3.31144e-12 
6.4301 -3.27989e-12 
6.441 -3.24869e-12 
6.4519 -3.21791e-12 
6.4628 -3.1875e-12 
6.4737 -3.15745e-12 
6.4846 -3.12778e-12 
6.4955 -3.09846e-12 
6.5064 -3.06949e-12 
6.5173 -3.04089e-12 
6.5282 -3.01262e-12 
6.5391 -2.9847e-12 
6.55 -2.9571e-12 
6.5609 -2.92985e-12 
6.5718 -2.90292e-12 
6.5827 -2.87631e-12 
6.5936 -2.85002e-12 
6.6045 -2.82404e-12 
6.6154 -2.79837e-12 
6.6263 -2.773e-12 
6.6372 -2.74793e-12 
6.6481 -2.72316e-12 
6.659 -2.69867e-12 
6.6699 -2.67448e-12 
6.6808 -2.65056e-12 
6.6917 -2.62692e-12 
6.7026 -2.60356e-12 
6.7135 -2.58047e-12 
6.7244 -2.55765e-12 
6.7353 -2.5351e-12 
6.7462 -2.51279e-12 
6.7571 -2.49076e-12 
6.768 -2.46896e-12 
6.7789 -2.44743e-12 
6.7898 -2.42613e-12 
6.8007 -2.40508e-12 
6.8116 -2.38426e-12 
6.8225 -2.36369e-12 
6.8334 -2.34335e-12 
6.8443 -2.32324e-12 
6.8552 -2.30335e-12 
6.8661 -2.28369e-12 
6.877 -2.26425e-12 
6.8879 -2.24502e-12 
6.8988 -2.22602e-12 
6.9097 -2.20722e-12 
6.9206 -2.18863e-12 
6.9315 -2.17024e-12 
6.9424 -2.15206e-12 
6.9533 -2.13408e-12 
6.9642 -2.1163e-12 
6.9751 -2.09872e-12 
6.986 -2.08133e-12 
6.9969 -2.06412e-12 
7.0078 -2.04711e-12 
7.0187 -2.03027e-12 
7.0296 -2.01364e-12 
7.0405 -1.99717e-12 
7.0514 -1.98088e-12 
7.0623 -1.96477e-12 
7.0732 -1.94883e-12 
7.0841 -1.93307e-12 
7.095 -1.91748e-12 
7.1059 -1.90204e-12 
7.1168 -1.88678e-12 
7.1277 -1.87168e-12 
7.1386 -1.85674e-12 
7.1495 -1.84195e-12 
7.1604 -1.82733e-12 
7.1713 -1.81286e-12 
7.1822 -1.79854e-12 
7.1931 -1.78437e-12 
7.204 -1.77036e-12 
7.2149 -1.75648e-12 
7.2258 -1.74276e-12 
7.2367 -1.72917e-12 
7.2476 -1.71574e-12 
7.2585 -1.70243e-12 
7.2694 -1.68927e-12 
7.2803 -1.67624e-12 
7.2912 -1.66335e-12 
7.3021 -1.65059e-12 
7.313 -1.63796e-12 
7.3239 -1.62546e-12 
7.3348 -1.61309e-12 
7.3457 -1.60085e-12 
7.3566 -1.58873e-12 
7.3675 -1.57673e-12 
7.3784 -1.56486e-12 
7.3893 -1.55311e-12 
7.4002 -1.54147e-12 
7.4111 -1.52996e-12 
7.422 -1.51856e-12 
7.4329 -1.50727e-12 
7.4438 -1.4961e-12 
7.4547 -1.48504e-12 
7.4656 -1.47409e-12 
7.4765 -1.46325e-12 
7.4874 -1.45251e-12 
7.4983 -1.44189e-12 
7.5092 -1.43137e-12 
7.5201 -1.42095e-12 
7.531 -1.41064e-12 
7.5419 -1.40043e-12 
7.5528 -1.39032e-12 
7.5637 -1.3803e-12 
7.5746 -1.37039e-12 
7.5855 -1.36057e-12 
7.5964 -1.35085e-12 
7.6073 -1.34123e-12 
7.6182 -1.33169e-12 
7.6291 -1.32225e-12 
7.64 -1.3129e-12 
7.6509 -1.30365e-12 
7.6618 -1.29447e-12 
7.6727 -1.2854e-12 
7.6836 -1.2764e-12 
7.6945 -1.26749e-12 
7.7054 -1.25867e-12 
7.7163 -1.24993e-12 
7.7272 -1.24128e-12 
7.7381 -1.2327e-12 
7.749 -1.22421e-12 
7.7599 -1.2158e-12 
7.7708 -1.20747e-12 
7.7817 -1.19922e-12 
7.7926 -1.19104e-12 
7.8035 -1.18294e-12 
7.8144 -1.17492e-12 
7.8253 -1.16697e-12 
7.8362 -1.1591e-12 
7.8471 -1.1513e-12 
7.858 -1.14357e-12 
7.8689 -1.13592e-12 
7.8798 -1.12833e-12 
7.8907 -1.12082e-12 
7.9016 -1.11337e-12 
7.9125 -1.106e-12 
7.9234 -1.09869e-12 
7.9343 -1.09145e-12 
7.9452 -1.08427e-12 
7.9561 -1.07716e-12 
7.967 -1.07012e-12 
7.9779 -1.06314e-12 
7.9888 -1.05622e-12 
7.9997 -1.04937e-12 
8.0106 -1.04258e-12 
8.0215 -1.03585e-12 
8.0324 -1.02918e-12 
8.0433 -1.02257e-12 
8.0542 -1.01602e-12 
8.0651 -1.00952e-12 
8.076 -1.00309e-12 
8.0869 -9.96717e-13 
8.0978 -9.90397e-13 
8.1087 -9.84137e-13 
8.1196 -9.77925e-13 
8.1305 -9.71773e-13 
8.1414 -9.65679e-13 
8.1523 -9.59631e-13 
8.1632 -9.53642e-13 
8.1741 -9.47703e-13 
8.185 -9.41818e-13 
8.1959 -9.35984e-13 
8.2068 -9.30201e-13 
8.2177 -9.24468e-13 
8.2286 -9.18785e-13 
8.2395 -9.13153e-13 
8.2504 -9.07568e-13 
8.2613 -9.02033e-13 
8.2722 -8.96545e-13 
8.2831 -8.91104e-13 
8.294 -8.8571e-13 
8.3049 -8.80363e-13 
8.3158 -8.75061e-13 
8.3267 -8.69806e-13 
8.3376 -8.64595e-13 
8.3485 -8.59428e-13 
8.3594 -8.54306e-13 
8.3703 -8.49227e-13 
8.3812 -8.44191e-13 
8.3921 -8.39198e-13 
8.403 -8.34247e-13 
8.4139 -8.29338e-13 
8.4248 -8.2447e-13 
8.4357 -8.19643e-13 
8.4466 -8.14857e-13 
8.4575 -8.1011e-13 
8.4684 -8.05404e-13 
8.4793 -8.00737e-13 
8.4902 -7.96108e-13 
8.5011 -7.91518e-13 
8.512 -7.86966e-13 
8.5229 -7.82452e-13 
8.5338 -7.77975e-13 
8.5447 -7.73536e-13 
8.5556 -7.69132e-13 
8.5665 -7.64765e-13 
8.5774 -7.60434e-13 
8.5883 -7.56139e-13 
8.5992 -7.51878e-13 
8.6101 -7.47652e-13 
8.621 -7.43461e-13 
8.6319 -7.39304e-13 
8.6428 -7.3518e-13 
8.6537 -7.3109e-13 
8.6646 -7.27033e-13 
8.6755 -7.23008e-13 
8.6864 -7.19017e-13 
8.6973 -7.15057e-13 
8.7082 -7.11129e-13 
8.7191 -7.07232e-13 
8.73 -7.03367e-13 
8.7409 -6.99533e-13 
8.7518 -6.95729e-13 
8.7627 -6.91955e-13 
8.7736 -6.88211e-13 
8.7845 -6.84497e-13 
8.7954 -6.80813e-13 
8.8063 -6.77156e-13 
8.8172 -6.7353e-13 
8.8281 -6.69931e-13 
8.839 -6.66362e-13 
8.8499 -6.6282e-13 
8.8608 -6.59305e-13 
8.8717 -6.55818e-13 
8.8826 -6.52358e-13 
8.8935 -6.48925e-13 
8.9044 -6.45519e-13 
8.9153 -6.4214e-13 
8.9262 -6.38786e-13 
8.9371 -6.35459e-13 
8.948 -6.32156e-13 
8.9589 -6.2888e-13 
8.9698 -6.25628e-13 
8.9807 -6.22402e-13 
8.9916 -6.192e-13 
9.0025 -6.16022e-13 
9.0134 -6.12869e-13 
9.0243 -6.0974e-13 
9.0352 -6.06635e-13 
9.0461 -6.03553e-13 
9.057 -6.00494e-13 
9.0679 -5.97459e-13 
9.0788 -5.94446e-13 
9.0897 -5.91456e-13 
9.1006 -5.88489e-13 
9.1115 -5.85544e-13 
9.1224 -5.8262e-13 
9.1333 -5.7972e-13 
9.1442 -5.76839e-13 
9.1551 -5.73982e-13 
9.166 -5.71145e-13 
9.1769 -5.68329e-13 
9.1878 -5.65534e-13 
9.1987 -5.6276e-13 
9.2096 -5.60006e-13 
9.2205 -5.57272e-13 
9.2314 -5.54559e-13 
9.2423 -5.51865e-13 
9.2532 -5.49192e-13 
9.2641 -5.46537e-13 
9.275 -5.43902e-13 
9.2859 -5.41286e-13 
9.2968 -5.38689e-13 
9.3077 -5.36111e-13 
9.3186 -5.33553e-13 
9.3295 -5.31012e-13 
9.3404 -5.28489e-13 
9.3513 -5.25985e-13 
9.3622 -5.23499e-13 
9.3731 -5.21031e-13 
9.384 -5.1858e-13 
9.3949 -5.16147e-13 
9.4058 -5.13732e-13 
9.4167 -5.11333e-13 
9.4276 -5.08952e-13 
9.4385 -5.06587e-13 
9.4494 -5.0424e-13 
9.4603 -5.01908e-13 
9.4712 -4.99594e-13 
9.4821 -4.97296e-13 
9.493 -4.95014e-13 
9.5039 -4.92748e-13 
9.5148 -4.90497e-13 
9.5257 -4.88263e-13 
9.5366 -4.86044e-13 
9.5475 -4.83841e-13 
9.5584 -4.81653e-13 
9.5693 -4.7948e-13 
9.5802 -4.77323e-13 
9.5911 -4.7518e-13 
9.602 -4.73052e-13 
9.6129 -4.70939e-13 
9.6238 -4.6884e-13 
9.6347 -4.66756e-13 
9.6456 -4.64686e-13 
9.6565 -4.6263e-13 
9.6674 -4.60589e-13 
9.6783 -4.58561e-13 
9.6892 -4.56547e-13 
9.7001 -4.54547e-13 
9.711 -4.5256e-13 
9.7219 -4.50588e-13 
9.7328 -4.48628e-13 
9.7437 -4.46681e-13 
9.7546 -4.44748e-13 
9.7655 -4.42827e-13 
9.7764 -4.4092e-13 
9.7873 -4.39025e-13 
9.7982 -4.37143e-13 
9.8091 -4.35274e-13 
9.82 -4.33417e-13 
9.8309 -4.31572e-13 
9.8418 -4.2974e-13 
9.8527 -4.2792e-13 
9.8636 -4.26112e-13 
9.8745 -4.24315e-13 
9.8854 -4.22531e-13 
9.8963 -4.20759e-13 
9.9072 -4.18998e-13 
9.9181 -4.17248e-13 
9.929 -4.15511e-13 
9.9399 -4.13784e-13 
9.9508 -4.12069e-13 
9.9617 -4.10365e-13 
9.9726 -4.08672e-13 
9.9835 -4.0699e-13 
9.9944 -4.05319e-13 
10.0053 -4.03659e-13 
10.0162 -4.0201e-13 
10.0271 -4.00371e-13 
10.038 -3.98742e-13 
10.0489 -3.97125e-13 
10.0598 -3.95517e-13 
10.0707 -3.9392e-13 
10.0816 -3.92333e-13 
10.0925 -3.90756e-13 
10.1034 -3.8919e-13 
10.1143 -3.87633e-13 
10.1252 -3.86086e-13 
10.1361 -3.84549e-13 
10.147 -3.83021e-13 
10.1579 -3.81503e-13 
10.1688 -3.79996e-13 
10.1797 -3.78497e-13 
10.1906 -3.77008e-13 
10.2015 -3.75528e-13 
10.2124 -3.74057e-13 
10.2233 -3.72595e-13 
10.2342 -3.71143e-13 
10.2451 -3.697e-13 
10.256 -3.68265e-13 
10.2669 -3.6684e-13 
10.2778 -3.65423e-13 
10.2887 -3.64016e-13 
10.2996 -3.62616e-13 
10.3105 -3.61226e-13 
10.3214 -3.59844e-13 
10.3323 -3.5847e-13 
10.3432 -3.57105e-13 
10.3541 -3.55748e-13 
10.365 -3.544e-13 
10.3759 -3.5306e-13 
10.3868 -3.51728e-13 
10.3977 -3.50404e-13 
10.4086 -3.49087e-13 
10.4195 -3.4778e-13 
10.4304 -3.4648e-13 
10.4413 -3.45187e-13 
10.4522 -3.43902e-13 
10.4631 -3.42626e-13 
10.474 -3.41357e-13 
10.4849 -3.40095e-13 
10.4958 -3.38841e-13 
10.5067 -3.37595e-13 
10.5176 -3.36356e-13 
10.5285 -3.35124e-13 
10.5394 -3.339e-13 
10.5503 -3.32683e-13 
10.5612 -3.31473e-13 
10.5721 -3.3027e-13 
10.583 -3.29075e-13 
10.5939 -3.27885e-13 
10.6048 -3.26704e-13 
10.6157 -3.25529e-13 
10.6266 -3.24361e-13 
10.6375 -3.232e-13 
10.6484 -3.22046e-13 
10.6593 -3.20898e-13 
10.6702 -3.19758e-13 
10.6811 -3.18623e-13 
10.692 -3.17496e-13 
10.7029 -3.16374e-13 
10.7138 -3.1526e-13 
10.7247 -3.14152e-13 
10.7356 -3.1305e-13 
10.7465 -3.11954e-13 
10.7574 -3.10865e-13 
10.7683 -3.09781e-13 
10.7792 -3.08705e-13 
10.7901 -3.07634e-13 
10.801 -3.06569e-13 
10.8119 -3.05511e-13 
10.8228 -3.04458e-13 
10.8337 -3.03412e-13 
10.8446 -3.02371e-13 
10.8555 -3.01336e-13 
10.8664 -3.00307e-13 
10.8773 -2.99284e-13 
10.8882 -2.98267e-13 
10.8991 -2.97255e-13 
10.91 -2.96249e-13 
10.9209 -2.95248e-13 
10.9318 -2.94253e-13 
10.9427 -2.93264e-13 
10.9536 -2.9228e-13 
10.9645 -2.91302e-13 
10.9754 -2.90328e-13 
10.9863 -2.89361e-13 
10.9972 -2.88399e-13 
11.0081 -2.87442e-13 
11.019 -2.8649e-13 
11.0299 -2.85543e-13 
11.0408 -2.84602e-13 
11.0517 -2.83666e-13 
11.0626 -2.82735e-13 
11.0735 -2.81809e-13 
11.0844 -2.80888e-13 
11.0953 -2.79972e-13 
11.1062 -2.79061e-13 
11.1171 -2.78155e-13 
11.128 -2.77254e-13 
11.1389 -2.76357e-13 
11.1498 -2.75466e-13 
11.1607 -2.74579e-13 
11.1716 -2.73697e-13 
11.1825 -2.7282e-13 
11.1934 -2.71948e-13 
11.2043 -2.71079e-13 
11.2152 -2.70216e-13 
11.2261 -2.69358e-13 
11.237 -2.68504e-13 
11.2479 -2.67654e-13 
11.2588 -2.66809e-13 
11.2697 -2.65968e-13 
11.2806 -2.65132e-13 
11.2915 -2.643e-13 
11.3024 -2.63473e-13 
11.3133 -2.6265e-13 
11.3242 -2.61831e-13 
11.3351 -2.61017e-13 
11.346 -2.60207e-13 
11.3569 -2.594e-13 
11.3678 -2.58599e-13 
11.3787 -2.57801e-13 
11.3896 -2.57008e-13 
11.4005 -2.56218e-13 
11.4114 -2.55433e-13 
11.4223 -2.54652e-13 
11.4332 -2.53874e-13 
11.4441 -2.53101e-13 
11.455 -2.52332e-13 
11.4659 -2.51566e-13 
11.4768 -2.50805e-13 
11.4877 -2.50047e-13 
11.4986 -2.49294e-13 
11.5095 -2.48544e-13 
11.5204 -2.47798e-13 
11.5313 -2.47056e-13 
11.5422 -2.46317e-13 
11.5531 -2.45582e-13 
11.564 -2.44851e-13 
11.5749 -2.44124e-13 
11.5858 -2.434e-13 
11.5967 -2.4268e-13 
11.6076 -2.41963e-13 
11.6185 -2.4125e-13 
11.6294 -2.40541e-13 
11.6403 -2.39835e-13 
11.6512 -2.39133e-13 
11.6621 -2.38434e-13 
11.673 -2.37739e-13 
11.6839 -2.37047e-13 
11.6948 -2.36358e-13 
11.7057 -2.35673e-13 
11.7166 -2.34992e-13 
11.7275 -2.34313e-13 
11.7384 -2.33638e-13 
11.7493 -2.32966e-13 
11.7602 -2.32298e-13 
11.7711 -2.31633e-13 
11.782 -2.30971e-13 
11.7929 -2.30312e-13 
11.8038 -2.29656e-13 
11.8147 -2.29004e-13 
11.8256 -2.28354e-13 
11.8365 -2.27709e-13 
11.8474 -2.27066e-13 
11.8583 -2.26426e-13 
11.8692 -2.25789e-13 
11.8801 -2.25155e-13 
11.891 -2.24525e-13 
11.9019 -2.23897e-13 
11.9128 -2.23272e-13 
11.9237 -2.2265e-13 
11.9346 -2.22032e-13 
11.9455 -2.21416e-13 
11.9564 -2.20803e-13 
11.9673 -2.20193e-13 
11.9782 -2.19586e-13 
11.9891 -2.18982e-13 
