0.01 -1.88105e-05 
0.0209 -1.81023e-05 
0.0318 -1.74191e-05 
0.0427 -1.67609e-05 
0.0536 -1.61275e-05 
0.0645 -1.55186e-05 
0.0754 -1.49337e-05 
0.0863 -1.43722e-05 
0.0972 -1.38335e-05 
0.1081 -1.33168e-05 
0.119 -1.28215e-05 
0.1299 -1.23468e-05 
0.1408 -1.18919e-05 
0.1517 -1.14559e-05 
0.1626 -1.1038e-05 
0.1735 -1.06376e-05 
0.1844 -1.02538e-05 
0.1953 -9.88572e-06 
0.2062 -9.53276e-06 
0.2171 -9.19409e-06 
0.228 -8.86898e-06 
0.2389 -8.55675e-06 
0.2498 -8.25663e-06 
0.2607 -7.96796e-06 
0.2716 -7.68992e-06 
0.2825 -7.42183e-06 
0.2934 -7.16283e-06 
0.3043 -6.91195e-06 
0.3152 -6.66803e-06 
0.3261 -6.42938e-06 
0.337 -6.19436e-06 
0.3479 -5.96343e-06 
0.3588 -5.73959e-06 
0.3697 -5.52524e-06 
0.3806 -5.32129e-06 
0.3915 -5.128e-06 
0.4024 -4.94515e-06 
0.4133 -4.77237e-06 
0.4242 -4.60915e-06 
0.4351 -4.45496e-06 
0.446 -4.30929e-06 
0.4569 -4.17156e-06 
0.4678 -4.04134e-06 
0.4787 -3.9181e-06 
0.4896 -3.80142e-06 
0.5005 -3.69085e-06 
0.5114 -3.58604e-06 
0.5223 -3.4866e-06 
0.5332 -3.3922e-06 
0.5441 -3.30254e-06 
0.555 -3.21733e-06 
0.5659 -3.1363e-06 
0.5768 -3.0592e-06 
0.5877 -2.98583e-06 
0.5986 -2.91594e-06 
0.6095 -2.84937e-06 
0.6204 -2.78593e-06 
0.6313 -2.72546e-06 
0.6422 -2.66779e-06 
0.6531 -2.61279e-06 
0.664 -2.56033e-06 
0.6749 -2.5103e-06 
0.6858 -2.46256e-06 
0.6967 -2.41702e-06 
0.7076 -2.37358e-06 
0.7185 -2.33216e-06 
0.7294 -2.29269e-06 
0.7403 -2.25506e-06 
0.7512 -2.21923e-06 
0.7621 -2.18513e-06 
0.773 -2.15269e-06 
0.7839 -2.12187e-06 
0.7948 -2.09263e-06 
0.8057 -2.0649e-06 
0.8166 -2.03867e-06 
0.8275 -2.01389e-06 
0.8384 -1.99054e-06 
0.8493 -1.9686e-06 
0.8602 -1.94803e-06 
0.8711 -1.92884e-06 
0.882 -1.91102e-06 
0.8929 -1.89454e-06 
0.9038 -1.87941e-06 
0.9147 -1.86564e-06 
0.9256 -1.85324e-06 
0.9365 -1.84222e-06 
0.9474 -1.83261e-06 
0.9583 -1.82442e-06 
0.9692 -1.81772e-06 
0.9801 -1.81251e-06 
0.991 -1.80887e-06 
1.0019 -1.80687e-06 
1.0128 -1.80656e-06 
1.0237 -1.80803e-06 
1.0346 -1.81139e-06 
1.0455 -1.81674e-06 
1.0564 -1.82421e-06 
1.0673 -1.83395e-06 
1.0782 -1.84616e-06 
1.0891 -1.86099e-06 
1.1 -1.87869e-06 
1.1109 -1.89955e-06 
1.1218 -1.92381e-06 
1.1327 -1.95184e-06 
1.1436 -1.98399e-06 
1.1545 -2.02074e-06 
1.1654 -2.06257e-06 
1.1763 -2.1101e-06 
1.1872 -2.16441e-06 
1.1981 -2.22735e-06 
1.209 -2.30112e-06 
1.2199 -2.38759e-06 
1.2308 -2.48878e-06 
1.2417 -2.60696e-06 
1.2526 -2.7447e-06 
1.2635 -2.90495e-06 
1.2744 -3.09079e-06 
1.2853 -3.30525e-06 
1.2962 -3.55045e-06 
1.3071 -3.82621e-06 
1.318 -4.12796e-06 
1.3289 -4.44278e-06 
1.3398 -4.74433e-06 
1.3507 -4.98929e-06 
1.3616 -5.1185e-06 
1.3725 -5.07188e-06 
1.3834 -4.8158e-06 
1.3943 -4.36821e-06 
1.4052 -3.79716e-06 
1.4161 -3.18962e-06 
1.427 -2.61696e-06 
1.4379 -2.11917e-06 
1.4488 -1.70841e-06 
1.4597 -1.38003e-06 
1.4706 -1.12216e-06 
1.4815 -9.21417e-07 
1.4924 -7.6557e-07 
1.5033 -6.44461e-07 
1.5142 -5.50061e-07 
1.5251 -4.76144e-07 
1.536 -4.17974e-07 
1.5469 -3.7193e-07 
1.5578 -3.35258e-07 
1.5687 -3.05857e-07 
1.5796 -2.82115e-07 
1.5905 -2.62781e-07 
1.6014 -2.46884e-07 
1.6123 -2.33661e-07 
1.6232 -2.22508e-07 
1.6341 -2.12943e-07 
1.645 -2.04575e-07 
1.6559 -1.97086e-07 
1.6668 -1.90213e-07 
1.6777 -1.83736e-07 
1.6886 -1.77469e-07 
1.6995 -1.71252e-07 
1.7104 -1.64948e-07 
1.7213 -1.58436e-07 
1.7322 -1.5161e-07 
1.7431 -1.44379e-07 
1.754 -1.36662e-07 
1.7649 -1.28394e-07 
1.7758 -1.19524e-07 
1.7867 -1.10017e-07 
1.7976 -9.98673e-08 
1.8085 -8.91052e-08 
1.8194 -7.78412e-08 
1.8303 -6.63815e-08 
1.8412 -5.56289e-08 
1.8521 -4.81327e-08 
1.863 -4.65029e-08 
1.8739 -4.79651e-08 
1.8848 -4.97596e-08 
1.8957 -5.12086e-08 
1.9066 -5.22444e-08 
1.9175 -5.29164e-08 
1.9284 -5.32877e-08 
1.9393 -5.34143e-08 
1.9502 -5.3342e-08 
1.9611 -5.31079e-08 
1.972 -5.27419e-08 
1.9829 -5.22681e-08 
1.9938 -5.17064e-08 
2.0047 -5.10729e-08 
2.0156 -5.03812e-08 
2.0265 -4.96424e-08 
2.0374 -4.88661e-08 
2.0483 -4.80601e-08 
2.0592 -4.72311e-08 
2.0701 -4.63849e-08 
2.081 -4.55262e-08 
2.0919 -4.46593e-08 
2.1028 -4.37875e-08 
2.1137 -4.29139e-08 
2.1246 -4.20412e-08 
2.1355 -4.11714e-08 
2.1464 -4.03066e-08 
2.1573 -3.94481e-08 
2.1682 -3.85975e-08 
2.1791 -3.7756e-08 
2.19 -3.69244e-08 
2.2009 -3.61036e-08 
2.2118 -3.52943e-08 
2.2227 -3.4497e-08 
2.2336 -3.37123e-08 
2.2445 -3.29404e-08 
2.2554 -3.21817e-08 
2.2663 -3.14364e-08 
2.2772 -3.07046e-08 
2.2881 -2.99865e-08 
2.299 -2.92822e-08 
2.3099 -2.85916e-08 
2.3208 -2.79147e-08 
2.3317 -2.72515e-08 
2.3426 -2.66019e-08 
2.3535 -2.59658e-08 
2.3644 -2.53431e-08 
2.3753 -2.47338e-08 
2.3862 -2.41375e-08 
2.3971 -2.35542e-08 
2.408 -2.29836e-08 
2.4189 -2.24257e-08 
2.4298 -2.18802e-08 
2.4407 -2.13469e-08 
2.4516 -2.08256e-08 
2.4625 -2.03162e-08 
2.4734 -1.98183e-08 
2.4843 -1.93319e-08 
2.4952 -1.88566e-08 
2.5061 -1.83923e-08 
2.517 -1.79388e-08 
2.5279 -1.74959e-08 
2.5388 -1.70633e-08 
2.5497 -1.66408e-08 
2.5606 -1.62282e-08 
2.5715 -1.58254e-08 
2.5824 -1.54322e-08 
2.5933 -1.50481e-08 
2.6042 -1.46732e-08 
2.6151 -1.43072e-08 
2.626 -1.395e-08 
2.6369 -1.36012e-08 
2.6478 -1.32609e-08 
2.6587 -1.29286e-08 
2.6696 -1.26043e-08 
2.6805 -1.22878e-08 
2.6914 -1.1979e-08 
2.7023 -1.16776e-08 
2.7132 -1.13835e-08 
2.7241 -1.10965e-08 
2.735 -1.08164e-08 
2.7459 -1.0543e-08 
2.7568 -1.02764e-08 
2.7677 -1.00162e-08 
2.7786 -9.76238e-09 
2.7895 -9.51468e-09 
2.8004 -9.27302e-09 
2.8113 -9.03726e-09 
2.8222 -8.80728e-09 
2.8331 -8.58291e-09 
2.844 -8.36404e-09 
2.8549 -8.15054e-09 
2.8658 -7.94222e-09 
2.8767 -7.73906e-09 
2.8876 -7.54093e-09 
2.8985 -7.34764e-09 
2.9094 -7.15911e-09 
2.9203 -6.97524e-09 
2.9312 -6.79592e-09 
2.9421 -6.62101e-09 
2.953 -6.45047e-09 
2.9639 -6.28415e-09 
2.9748 -6.12198e-09 
2.9857 -5.9638e-09 
2.9966 -5.80961e-09 
3.0075 -5.65926e-09 
3.0184 -5.51268e-09 
3.0293 -5.36975e-09 
3.0402 -5.23044e-09 
3.0511 -5.09466e-09 
3.062 -4.96236e-09 
3.0729 -4.83342e-09 
3.0838 -4.70774e-09 
3.0947 -4.5853e-09 
3.1056 -4.46599e-09 
3.1165 -4.34974e-09 
3.1274 -4.23646e-09 
3.1383 -4.12613e-09 
3.1492 -4.01864e-09 
3.1601 -3.91396e-09 
3.171 -3.81201e-09 
3.1819 -3.71274e-09 
3.1928 -3.61607e-09 
3.2037 -3.52198e-09 
3.2146 -3.4304e-09 
3.2255 -3.34126e-09 
3.2364 -3.25453e-09 
3.2473 -3.17016e-09 
3.2582 -3.08811e-09 
3.2691 -3.00833e-09 
3.28 -2.9308e-09 
3.2909 -2.85546e-09 
3.3018 -2.78231e-09 
3.3127 -2.7113e-09 
3.3236 -2.64242e-09 
3.3345 -2.57567e-09 
3.3454 -2.51105e-09 
3.3563 -2.44859e-09 
3.3672 -2.38831e-09 
3.3781 -2.33014e-09 
3.389 -2.27384e-09 
3.3999 -2.21908e-09 
3.4108 -2.16568e-09 
3.4217 -2.11358e-09 
3.4326 -2.0627e-09 
3.4435 -2.013e-09 
3.4544 -1.96444e-09 
3.4653 -1.91696e-09 
3.4762 -1.87056e-09 
3.4871 -1.82522e-09 
3.498 -1.78087e-09 
3.5089 -1.73752e-09 
3.5198 -1.69515e-09 
3.5307 -1.65372e-09 
3.5416 -1.61321e-09 
3.5525 -1.57361e-09 
3.5634 -1.53487e-09 
3.5743 -1.49702e-09 
3.5852 -1.45998e-09 
3.5961 -1.42379e-09 
3.607 -1.3884e-09 
3.6179 -1.3538e-09 
3.6288 -1.31995e-09 
3.6397 -1.28687e-09 
3.6506 -1.25452e-09 
3.6615 -1.22289e-09 
3.6724 -1.19197e-09 
3.6833 -1.16174e-09 
3.6942 -1.13218e-09 
3.7051 -1.10327e-09 
3.716 -1.07502e-09 
3.7269 -1.0474e-09 
3.7378 -1.02039e-09 
3.7487 -9.93982e-10 
3.7596 -9.6817e-10 
3.7705 -9.42939e-10 
3.7814 -9.1827e-10 
3.7923 -8.94159e-10 
3.8032 -8.70587e-10 
3.8141 -8.4755e-10 
3.825 -8.25029e-10 
3.8359 -8.03013e-10 
3.8468 -7.81493e-10 
3.8577 -7.60467e-10 
3.8686 -7.39909e-10 
3.8795 -7.19824e-10 
3.8904 -7.00196e-10 
3.9013 -6.8101e-10 
3.9122 -6.62259e-10 
3.9231 -6.4394e-10 
3.934 -6.26037e-10 
3.9449 -6.08548e-10 
3.9558 -5.9146e-10 
3.9667 -5.74763e-10 
3.9776 -5.58453e-10 
3.9885 -5.42517e-10 
3.9994 -5.26952e-10 
4.0103 -5.11744e-10 
4.0212 -4.96892e-10 
4.0321 -4.8239e-10 
4.043 -4.68219e-10 
4.0539 -4.54385e-10 
4.0648 -4.40876e-10 
4.0757 -4.27684e-10 
4.0866 -4.14804e-10 
4.0975 -4.02228e-10 
4.1084 -3.89951e-10 
4.1193 -3.77966e-10 
4.1302 -3.66269e-10 
4.1411 -3.54852e-10 
4.152 -3.43708e-10 
4.1629 -3.32835e-10 
4.1738 -3.22224e-10 
4.1847 -3.11871e-10 
4.1956 -3.01774e-10 
4.2065 -2.91921e-10 
4.2174 -2.82314e-10 
4.2283 -2.72942e-10 
4.2392 -2.63805e-10 
4.2501 -2.54893e-10 
4.261 -2.46208e-10 
4.2719 -2.3774e-10 
4.2828 -2.29486e-10 
4.2937 -2.21443e-10 
4.3046 -2.13606e-10 
4.3155 -2.05971e-10 
4.3264 -1.98536e-10 
4.3373 -1.91292e-10 
4.3482 -1.84238e-10 
4.3591 -1.77372e-10 
4.37 -1.70686e-10 
4.3809 -1.6418e-10 
4.3918 -1.57851e-10 
4.4027 -1.51692e-10 
4.4136 -1.45703e-10 
4.4245 -1.39879e-10 
4.4354 -1.34217e-10 
4.4463 -1.28714e-10 
4.4572 -1.23368e-10 
4.4681 -1.18174e-10 
4.479 -1.1313e-10 
4.4899 -1.08235e-10 
4.5008 -1.03483e-10 
4.5117 -9.88736e-11 
4.5226 -9.44037e-11 
4.5335 -9.00705e-11 
4.5444 -8.58717e-11 
4.5553 -8.1806e-11 
4.5662 -7.7869e-11 
4.5771 -7.40598e-11 
4.588 -7.03764e-11 
4.5989 -6.6816e-11 
4.6098 -6.3377e-11 
4.6207 -6.00572e-11 
4.6316 -5.68556e-11 
4.6425 -5.37695e-11 
4.6534 -5.07981e-11 
4.6643 -4.79387e-11 
4.6752 -4.51908e-11 
4.6861 -4.25524e-11 
4.697 -4.00228e-11 
4.7079 -3.76005e-11 
4.7188 -3.52844e-11 
4.7297 -3.30738e-11 
4.7406 -3.09679e-11 
4.7515 -2.89663e-11 
4.7624 -2.70686e-11 
4.7733 -2.52746e-11 
4.7842 -2.35846e-11 
4.7951 -2.19993e-11 
4.806 -2.05192e-11 
4.8169 -1.91464e-11 
4.8278 -1.7883e-11 
4.8387 -1.6732e-11 
4.8496 -1.56984e-11 
4.8605 -1.47883e-11 
4.8714 -1.40111e-11 
4.8823 -1.33781e-11 
4.8932 -1.2895e-11 
4.9041 -1.25351e-11 
4.915 -1.22488e-11 
4.9259 -1.20043e-11 
4.9368 -1.17861e-11 
4.9477 -1.15865e-11 
4.9586 -1.14009e-11 
4.9695 -1.12263e-11 
4.9804 -1.10609e-11 
4.9913 -1.09032e-11 
5.0022 -1.07521e-11 
5.0131 -1.06071e-11 
5.024 -1.04672e-11 
5.0349 -1.0332e-11 
5.0458 -1.02012e-11 
5.0567 -1.00743e-11 
5.0676 -9.95105e-12 
5.0785 -9.8312e-12 
5.0894 -9.71454e-12 
5.1003 -9.60083e-12 
5.1112 -9.48992e-12 
5.1221 -9.38167e-12 
5.133 -9.2759e-12 
5.1439 -9.17253e-12 
5.1548 -9.07141e-12 
5.1657 -8.97247e-12 
5.1766 -8.87561e-12 
5.1875 -8.7807e-12 
5.1984 -8.68772e-12 
5.2093 -8.59657e-12 
5.2202 -8.50719e-12 
5.2311 -8.41948e-12 
5.242 -8.33344e-12 
5.2529 -8.24897e-12 
5.2638 -8.16604e-12 
5.2747 -8.08458e-12 
5.2856 -8.00456e-12 
5.2965 -7.92594e-12 
5.3074 -7.84867e-12 
5.3183 -7.77271e-12 
5.3292 -7.69803e-12 
5.3401 -7.62458e-12 
5.351 -7.55234e-12 
5.3619 -7.48127e-12 
5.3728 -7.41135e-12 
5.3837 -7.34254e-12 
5.3946 -7.27482e-12 
5.4055 -7.20815e-12 
5.4164 -7.14251e-12 
5.4273 -7.07788e-12 
5.4382 -7.01424e-12 
5.4491 -6.95156e-12 
5.46 -6.88981e-12 
5.4709 -6.82898e-12 
5.4818 -6.76905e-12 
5.4927 -6.70999e-12 
5.5036 -6.65179e-12 
5.5145 -6.59443e-12 
5.5254 -6.5379e-12 
5.5363 -6.48216e-12 
5.5472 -6.42721e-12 
5.5581 -6.37303e-12 
5.569 -6.31961e-12 
5.5799 -6.26693e-12 
5.5908 -6.21497e-12 
5.6017 -6.16372e-12 
5.6126 -6.11317e-12 
5.6235 -6.0633e-12 
5.6344 -6.0141e-12 
5.6453 -5.96556e-12 
5.6562 -5.91766e-12 
5.6671 -5.87039e-12 
5.678 -5.82375e-12 
5.6889 -5.77771e-12 
5.6998 -5.73227e-12 
5.7107 -5.68742e-12 
5.7216 -5.64315e-12 
5.7325 -5.59943e-12 
5.7434 -5.55628e-12 
5.7543 -5.51368e-12 
5.7652 -5.4716e-12 
5.7761 -5.43006e-12 
5.787 -5.38903e-12 
5.7979 -5.34852e-12 
5.8088 -5.3085e-12 
5.8197 -5.26897e-12 
5.8306 -5.22993e-12 
5.8415 -5.19136e-12 
5.8524 -5.15326e-12 
5.8633 -5.11562e-12 
5.8742 -5.07843e-12 
5.8851 -5.04169e-12 
5.896 -5.00538e-12 
5.9069 -4.9695e-12 
5.9178 -4.93405e-12 
5.9287 -4.89901e-12 
5.9396 -4.86438e-12 
5.9505 -4.83016e-12 
5.9614 -4.79633e-12 
5.9723 -4.76289e-12 
5.9832 -4.72984e-12 
5.9941 -4.69716e-12 
6.005 -4.66486e-12 
6.0159 -4.63292e-12 
6.0268 -4.60135e-12 
6.0377 -4.57013e-12 
6.0486 -4.53926e-12 
6.0595 -4.50873e-12 
6.0704 -4.47855e-12 
6.0813 -4.4487e-12 
6.0922 -4.41918e-12 
6.1031 -4.38998e-12 
6.114 -4.3611e-12 
6.1249 -4.33254e-12 
6.1358 -4.30429e-12 
6.1467 -4.27634e-12 
6.1576 -4.2487e-12 
6.1685 -4.22135e-12 
6.1794 -4.1943e-12 
6.1903 -4.16753e-12 
6.2012 -4.14105e-12 
6.2121 -4.11484e-12 
6.223 -4.08892e-12 
6.2339 -4.06326e-12 
6.2448 -4.03788e-12 
6.2557 -4.01276e-12 
6.2666 -3.98789e-12 
6.2775 -3.96329e-12 
6.2884 -3.93894e-12 
6.2993 -3.91485e-12 
6.3102 -3.89099e-12 
6.3211 -3.86738e-12 
6.332 -3.84401e-12 
6.3429 -3.82088e-12 
6.3538 -3.79798e-12 
6.3647 -3.77531e-12 
6.3756 -3.75287e-12 
6.3865 -3.73065e-12 
6.3974 -3.70865e-12 
6.4083 -3.68687e-12 
6.4192 -3.66531e-12 
6.4301 -3.64396e-12 
6.441 -3.62282e-12 
6.4519 -3.60188e-12 
6.4628 -3.58115e-12 
6.4737 -3.56062e-12 
6.4846 -3.54029e-12 
6.4955 -3.52015e-12 
6.5064 -3.50021e-12 
6.5173 -3.48046e-12 
6.5282 -3.4609e-12 
6.5391 -3.44152e-12 
6.55 -3.42233e-12 
6.5609 -3.40332e-12 
6.5718 -3.38448e-12 
6.5827 -3.36583e-12 
6.5936 -3.34735e-12 
6.6045 -3.32904e-12 
6.6154 -3.3109e-12 
6.6263 -3.29293e-12 
6.6372 -3.27512e-12 
6.6481 -3.25748e-12 
6.659 -3.24e-12 
6.6699 -3.22268e-12 
6.6808 -3.20552e-12 
6.6917 -3.18852e-12 
6.7026 -3.17167e-12 
6.7135 -3.15496e-12 
6.7244 -3.13841e-12 
6.7353 -3.12201e-12 
6.7462 -3.10576e-12 
6.7571 -3.08964e-12 
6.768 -3.07368e-12 
6.7789 -3.05785e-12 
6.7898 -3.04216e-12 
6.8007 -3.02661e-12 
6.8116 -3.0112e-12 
6.8225 -2.99592e-12 
6.8334 -2.98078e-12 
6.8443 -2.96576e-12 
6.8552 -2.95088e-12 
6.8661 -2.93612e-12 
6.877 -2.9215e-12 
6.8879 -2.90699e-12 
6.8988 -2.89261e-12 
6.9097 -2.87835e-12 
6.9206 -2.86422e-12 
6.9315 -2.8502e-12 
6.9424 -2.8363e-12 
6.9533 -2.82252e-12 
6.9642 -2.80886e-12 
6.9751 -2.7953e-12 
6.986 -2.78186e-12 
6.9969 -2.76854e-12 
7.0078 -2.75532e-12 
7.0187 -2.74221e-12 
7.0296 -2.72921e-12 
7.0405 -2.71632e-12 
7.0514 -2.70353e-12 
7.0623 -2.69084e-12 
7.0732 -2.67826e-12 
7.0841 -2.66578e-12 
7.095 -2.65341e-12 
7.1059 -2.64113e-12 
7.1168 -2.62895e-12 
7.1277 -2.61686e-12 
7.1386 -2.60488e-12 
7.1495 -2.59299e-12 
7.1604 -2.58119e-12 
7.1713 -2.56948e-12 
7.1822 -2.55788e-12 
7.1931 -2.54635e-12 
7.204 -2.53492e-12 
7.2149 -2.52359e-12 
7.2258 -2.51233e-12 
7.2367 -2.50117e-12 
7.2476 -2.49009e-12 
7.2585 -2.4791e-12 
7.2694 -2.46819e-12 
7.2803 -2.45736e-12 
7.2912 -2.44662e-12 
7.3021 -2.43596e-12 
7.313 -2.42538e-12 
7.3239 -2.41488e-12 
7.3348 -2.40446e-12 
7.3457 -2.39412e-12 
7.3566 -2.38386e-12 
7.3675 -2.37367e-12 
7.3784 -2.36356e-12 
7.3893 -2.35353e-12 
7.4002 -2.34357e-12 
7.4111 -2.33368e-12 
7.422 -2.32387e-12 
7.4329 -2.31413e-12 
7.4438 -2.30446e-12 
7.4547 -2.29486e-12 
7.4656 -2.28533e-12 
7.4765 -2.27587e-12 
7.4874 -2.26648e-12 
7.4983 -2.25715e-12 
7.5092 -2.2479e-12 
7.5201 -2.2387e-12 
7.531 -2.22958e-12 
7.5419 -2.22053e-12 
7.5528 -2.21153e-12 
7.5637 -2.2026e-12 
7.5746 -2.19373e-12 
7.5855 -2.18493e-12 
7.5964 -2.17619e-12 
7.6073 -2.16751e-12 
7.6182 -2.15889e-12 
7.6291 -2.15033e-12 
7.64 -2.14183e-12 
7.6509 -2.13339e-12 
7.6618 -2.125e-12 
7.6727 -2.11668e-12 
7.6836 -2.10841e-12 
7.6945 -2.1002e-12 
7.7054 -2.09205e-12 
7.7163 -2.08395e-12 
7.7272 -2.07591e-12 
7.7381 -2.06792e-12 
7.749 -2.05998e-12 
7.7599 -2.0521e-12 
7.7708 -2.04427e-12 
7.7817 -2.0365e-12 
7.7926 -2.02877e-12 
7.8035 -2.0211e-12 
7.8144 -2.01348e-12 
7.8253 -2.00591e-12 
7.8362 -1.99839e-12 
7.8471 -1.99092e-12 
7.858 -1.9835e-12 
7.8689 -1.97613e-12 
7.8798 -1.9688e-12 
7.8907 -1.96153e-12 
7.9016 -1.9543e-12 
7.9125 -1.94712e-12 
7.9234 -1.93998e-12 
7.9343 -1.93289e-12 
7.9452 -1.92585e-12 
7.9561 -1.91885e-12 
7.967 -1.9119e-12 
7.9779 -1.90499e-12 
7.9888 -1.89813e-12 
7.9997 -1.8913e-12 
8.0106 -1.88453e-12 
8.0215 -1.87779e-12 
8.0324 -1.8711e-12 
8.0433 -1.86445e-12 
8.0542 -1.85784e-12 
8.0651 -1.85127e-12 
8.076 -1.84474e-12 
8.0869 -1.83826e-12 
8.0978 -1.83181e-12 
8.1087 -1.82541e-12 
8.1196 -1.81904e-12 
8.1305 -1.81271e-12 
8.1414 -1.80642e-12 
8.1523 -1.80017e-12 
8.1632 -1.79396e-12 
8.1741 -1.78779e-12 
8.185 -1.78165e-12 
8.1959 -1.77555e-12 
8.2068 -1.76949e-12 
8.2177 -1.76346e-12 
8.2286 -1.75747e-12 
8.2395 -1.75152e-12 
8.2504 -1.7456e-12 
8.2613 -1.73972e-12 
8.2722 -1.73387e-12 
8.2831 -1.72806e-12 
8.294 -1.72228e-12 
8.3049 -1.71653e-12 
8.3158 -1.71082e-12 
8.3267 -1.70514e-12 
8.3376 -1.6995e-12 
8.3485 -1.69389e-12 
8.3594 -1.68831e-12 
8.3703 -1.68276e-12 
8.3812 -1.67725e-12 
8.3921 -1.67177e-12 
8.403 -1.66632e-12 
8.4139 -1.6609e-12 
8.4248 -1.65551e-12 
8.4357 -1.65015e-12 
8.4466 -1.64482e-12 
8.4575 -1.63953e-12 
8.4684 -1.63426e-12 
8.4793 -1.62902e-12 
8.4902 -1.62382e-12 
8.5011 -1.61864e-12 
8.512 -1.61349e-12 
8.5229 -1.60837e-12 
8.5338 -1.60328e-12 
8.5447 -1.59822e-12 
8.5556 -1.59318e-12 
8.5665 -1.58818e-12 
8.5774 -1.5832e-12 
8.5883 -1.57825e-12 
8.5992 -1.57332e-12 
8.6101 -1.56842e-12 
8.621 -1.56355e-12 
8.6319 -1.55871e-12 
8.6428 -1.55389e-12 
8.6537 -1.5491e-12 
8.6646 -1.54433e-12 
8.6755 -1.5396e-12 
8.6864 -1.53488e-12 
8.6973 -1.53019e-12 
8.7082 -1.52553e-12 
8.7191 -1.52089e-12 
8.73 -1.51628e-12 
8.7409 -1.51169e-12 
8.7518 -1.50713e-12 
8.7627 -1.50258e-12 
8.7736 -1.49807e-12 
8.7845 -1.49358e-12 
8.7954 -1.48911e-12 
8.8063 -1.48466e-12 
8.8172 -1.48024e-12 
8.8281 -1.47584e-12 
8.839 -1.47147e-12 
8.8499 -1.46711e-12 
8.8608 -1.46278e-12 
8.8717 -1.45847e-12 
8.8826 -1.45419e-12 
8.8935 -1.44992e-12 
8.9044 -1.44568e-12 
8.9153 -1.44146e-12 
8.9262 -1.43726e-12 
8.9371 -1.43309e-12 
8.948 -1.42893e-12 
8.9589 -1.4248e-12 
8.9698 -1.42068e-12 
8.9807 -1.41659e-12 
8.9916 -1.41252e-12 
9.0025 -1.40847e-12 
9.0134 -1.40444e-12 
9.0243 -1.40042e-12 
9.0352 -1.39643e-12 
9.0461 -1.39246e-12 
9.057 -1.38851e-12 
9.0679 -1.38458e-12 
9.0788 -1.38067e-12 
9.0897 -1.37677e-12 
9.1006 -1.3729e-12 
9.1115 -1.36905e-12 
9.1224 -1.36521e-12 
9.1333 -1.36139e-12 
9.1442 -1.35759e-12 
9.1551 -1.35381e-12 
9.166 -1.35005e-12 
9.1769 -1.34631e-12 
9.1878 -1.34258e-12 
9.1987 -1.33888e-12 
9.2096 -1.33519e-12 
9.2205 -1.33152e-12 
9.2314 -1.32786e-12 
9.2423 -1.32423e-12 
9.2532 -1.32061e-12 
9.2641 -1.317e-12 
9.275 -1.31342e-12 
9.2859 -1.30985e-12 
9.2968 -1.3063e-12 
9.3077 -1.30277e-12 
9.3186 -1.29925e-12 
9.3295 -1.29575e-12 
9.3404 -1.29226e-12 
9.3513 -1.2888e-12 
9.3622 -1.28534e-12 
9.3731 -1.28191e-12 
9.384 -1.27849e-12 
9.3949 -1.27508e-12 
9.4058 -1.2717e-12 
9.4167 -1.26832e-12 
9.4276 -1.26497e-12 
9.4385 -1.26162e-12 
9.4494 -1.2583e-12 
9.4603 -1.25499e-12 
9.4712 -1.25169e-12 
9.4821 -1.24841e-12 
9.493 -1.24514e-12 
9.5039 -1.24189e-12 
9.5148 -1.23866e-12 
9.5257 -1.23543e-12 
9.5366 -1.23223e-12 
9.5475 -1.22903e-12 
9.5584 -1.22585e-12 
9.5693 -1.22269e-12 
9.5802 -1.21954e-12 
9.5911 -1.2164e-12 
9.602 -1.21328e-12 
9.6129 -1.21017e-12 
9.6238 -1.20708e-12 
9.6347 -1.204e-12 
9.6456 -1.20093e-12 
9.6565 -1.19788e-12 
9.6674 -1.19484e-12 
9.6783 -1.19181e-12 
9.6892 -1.18879e-12 
9.7001 -1.18579e-12 
9.711 -1.18281e-12 
9.7219 -1.17983e-12 
9.7328 -1.17687e-12 
9.7437 -1.17392e-12 
9.7546 -1.17099e-12 
9.7655 -1.16806e-12 
9.7764 -1.16515e-12 
9.7873 -1.16225e-12 
9.7982 -1.15937e-12 
9.8091 -1.15649e-12 
9.82 -1.15363e-12 
9.8309 -1.15078e-12 
9.8418 -1.14795e-12 
9.8527 -1.14512e-12 
9.8636 -1.14231e-12 
9.8745 -1.13951e-12 
9.8854 -1.13672e-12 
9.8963 -1.13394e-12 
9.9072 -1.13117e-12 
9.9181 -1.12842e-12 
9.929 -1.12568e-12 
9.9399 -1.12294e-12 
9.9508 -1.12022e-12 
9.9617 -1.11752e-12 
9.9726 -1.11482e-12 
9.9835 -1.11213e-12 
9.9944 -1.10946e-12 
10.0053 -1.10679e-12 
10.0162 -1.10414e-12 
10.0271 -1.1015e-12 
10.038 -1.09887e-12 
10.0489 -1.09624e-12 
10.0598 -1.09363e-12 
10.0707 -1.09104e-12 
10.0816 -1.08845e-12 
10.0925 -1.08587e-12 
10.1034 -1.0833e-12 
10.1143 -1.08074e-12 
10.1252 -1.0782e-12 
10.1361 -1.07566e-12 
10.147 -1.07313e-12 
10.1579 -1.07062e-12 
10.1688 -1.06811e-12 
10.1797 -1.06561e-12 
10.1906 -1.06313e-12 
10.2015 -1.06065e-12 
10.2124 -1.05818e-12 
10.2233 -1.05573e-12 
10.2342 -1.05328e-12 
10.2451 -1.05084e-12 
10.256 -1.04841e-12 
10.2669 -1.04599e-12 
10.2778 -1.04359e-12 
10.2887 -1.04119e-12 
10.2996 -1.0388e-12 
10.3105 -1.03642e-12 
10.3214 -1.03404e-12 
10.3323 -1.03168e-12 
10.3432 -1.02933e-12 
10.3541 -1.02698e-12 
10.365 -1.02465e-12 
10.3759 -1.02232e-12 
10.3868 -1.02001e-12 
10.3977 -1.0177e-12 
10.4086 -1.0154e-12 
10.4195 -1.01311e-12 
10.4304 -1.01083e-12 
10.4413 -1.00856e-12 
10.4522 -1.00629e-12 
10.4631 -1.00404e-12 
10.474 -1.00179e-12 
10.4849 -9.9955e-13 
10.4958 -9.9732e-13 
10.5067 -9.95099e-13 
10.5176 -9.92886e-13 
10.5285 -9.90681e-13 
10.5394 -9.88484e-13 
10.5503 -9.86296e-13 
10.5612 -9.84116e-13 
10.5721 -9.81944e-13 
10.583 -9.7978e-13 
10.5939 -9.77624e-13 
10.6048 -9.75476e-13 
10.6157 -9.73337e-13 
10.6266 -9.71205e-13 
10.6375 -9.69081e-13 
10.6484 -9.66964e-13 
10.6593 -9.64856e-13 
10.6702 -9.62755e-13 
10.6811 -9.60662e-13 
10.692 -9.58577e-13 
10.7029 -9.565e-13 
10.7138 -9.5443e-13 
10.7247 -9.52367e-13 
10.7356 -9.50312e-13 
10.7465 -9.48265e-13 
10.7574 -9.46225e-13 
10.7683 -9.44192e-13 
10.7792 -9.42167e-13 
10.7901 -9.40148e-13 
10.801 -9.38138e-13 
10.8119 -9.36134e-13 
10.8228 -9.34138e-13 
10.8337 -9.32149e-13 
10.8446 -9.30166e-13 
10.8555 -9.28191e-13 
10.8664 -9.26223e-13 
10.8773 -9.24262e-13 
10.8882 -9.22308e-13 
10.8991 -9.20361e-13 
10.91 -9.18421e-13 
10.9209 -9.16488e-13 
10.9318 -9.14561e-13 
10.9427 -9.12642e-13 
10.9536 -9.10729e-13 
10.9645 -9.08822e-13 
10.9754 -9.06923e-13 
10.9863 -9.0503e-13 
10.9972 -9.03143e-13 
11.0081 -9.01264e-13 
11.019 -8.9939e-13 
11.0299 -8.97524e-13 
11.0408 -8.95664e-13 
11.0517 -8.9381e-13 
11.0626 -8.91962e-13 
11.0735 -8.90121e-13 
11.0844 -8.88287e-13 
11.0953 -8.86458e-13 
11.1062 -8.84636e-13 
11.1171 -8.8282e-13 
11.128 -8.81011e-13 
11.1389 -8.79207e-13 
11.1498 -8.7741e-13 
11.1607 -8.75619e-13 
11.1716 -8.73834e-13 
11.1825 -8.72055e-13 
11.1934 -8.70282e-13 
11.2043 -8.68515e-13 
11.2152 -8.66754e-13 
11.2261 -8.64999e-13 
11.237 -8.6325e-13 
11.2479 -8.61507e-13 
11.2588 -8.59769e-13 
11.2697 -8.58038e-13 
11.2806 -8.56312e-13 
11.2915 -8.54592e-13 
11.3024 -8.52878e-13 
11.3133 -8.51169e-13 
11.3242 -8.49467e-13 
11.3351 -8.47769e-13 
11.346 -8.46078e-13 
11.3569 -8.44392e-13 
11.3678 -8.42711e-13 
11.3787 -8.41036e-13 
11.3896 -8.39367e-13 
11.4005 -8.37703e-13 
11.4114 -8.36045e-13 
11.4223 -8.34392e-13 
11.4332 -8.32744e-13 
11.4441 -8.31102e-13 
11.455 -8.29465e-13 
11.4659 -8.27834e-13 
11.4768 -8.26208e-13 
11.4877 -8.24587e-13 
11.4986 -8.22971e-13 
11.5095 -8.21361e-13 
11.5204 -8.19756e-13 
11.5313 -8.18156e-13 
11.5422 -8.16561e-13 
11.5531 -8.14971e-13 
11.564 -8.13387e-13 
11.5749 -8.11807e-13 
11.5858 -8.10233e-13 
11.5967 -8.08664e-13 
11.6076 -8.07099e-13 
11.6185 -8.0554e-13 
11.6294 -8.03985e-13 
11.6403 -8.02436e-13 
11.6512 -8.00891e-13 
11.6621 -7.99352e-13 
11.673 -7.97817e-13 
11.6839 -7.96287e-13 
11.6948 -7.94762e-13 
11.7057 -7.93242e-13 
11.7166 -7.91726e-13 
11.7275 -7.90216e-13 
11.7384 -7.8871e-13 
11.7493 -7.87208e-13 
11.7602 -7.85712e-13 
11.7711 -7.8422e-13 
11.782 -7.82733e-13 
11.7929 -7.8125e-13 
11.8038 -7.79772e-13 
11.8147 -7.78299e-13 
11.8256 -7.7683e-13 
11.8365 -7.75366e-13 
11.8474 -7.73906e-13 
11.8583 -7.72451e-13 
11.8692 -7.71e-13 
11.8801 -7.69554e-13 
11.891 -7.68112e-13 
11.9019 -7.66675e-13 
11.9128 -7.65242e-13 
11.9237 -7.63813e-13 
11.9346 -7.62389e-13 
11.9455 -7.60969e-13 
11.9564 -7.59553e-13 
11.9673 -7.58142e-13 
11.9782 -7.56735e-13 
11.9891 -7.55332e-13 
