0.01 -1.68598e-05 
0.0209 -1.61482e-05 
0.0318 -1.54709e-05 
0.0427 -1.48266e-05 
0.0536 -1.42138e-05 
0.0645 -1.36311e-05 
0.0754 -1.30771e-05 
0.0863 -1.25505e-05 
0.0972 -1.20498e-05 
0.1081 -1.15737e-05 
0.119 -1.11209e-05 
0.1299 -1.06902e-05 
0.1408 -1.02803e-05 
0.1517 -9.89025e-06 
0.1626 -9.51886e-06 
0.1735 -9.1651e-06 
0.1844 -8.82802e-06 
0.1953 -8.50671e-06 
0.2062 -8.2003e-06 
0.2171 -7.90796e-06 
0.228 -7.62893e-06 
0.2389 -7.36249e-06 
0.2498 -7.10791e-06 
0.2607 -6.86458e-06 
0.2716 -6.63188e-06 
0.2825 -6.40923e-06 
0.2934 -6.19612e-06 
0.3043 -5.99203e-06 
0.3152 -5.79645e-06 
0.3261 -5.60895e-06 
0.337 -5.42912e-06 
0.3479 -5.25654e-06 
0.3588 -5.09083e-06 
0.3697 -4.93165e-06 
0.3806 -4.77865e-06 
0.3915 -4.6315e-06 
0.4024 -4.48992e-06 
0.4133 -4.35361e-06 
0.4242 -4.22231e-06 
0.4351 -4.09573e-06 
0.446 -3.97364e-06 
0.4569 -3.85579e-06 
0.4678 -3.74195e-06 
0.4787 -3.63187e-06 
0.4896 -3.52534e-06 
0.5005 -3.42209e-06 
0.5114 -3.32188e-06 
0.5223 -3.22438e-06 
0.5332 -3.12924e-06 
0.5441 -3.03599e-06 
0.555 -2.94437e-06 
0.5659 -2.85485e-06 
0.5768 -2.76809e-06 
0.5877 -2.68444e-06 
0.5986 -2.60401e-06 
0.6095 -2.52683e-06 
0.6204 -2.45281e-06 
0.6313 -2.38188e-06 
0.6422 -2.31391e-06 
0.6531 -2.24878e-06 
0.664 -2.18636e-06 
0.6749 -2.12654e-06 
0.6858 -2.06918e-06 
0.6967 -2.01417e-06 
0.7076 -1.9614e-06 
0.7185 -1.91074e-06 
0.7294 -1.86211e-06 
0.7403 -1.8154e-06 
0.7512 -1.77051e-06 
0.7621 -1.72736e-06 
0.773 -1.68585e-06 
0.7839 -1.64592e-06 
0.7948 -1.60749e-06 
0.8057 -1.57047e-06 
0.8166 -1.5348e-06 
0.8275 -1.50043e-06 
0.8384 -1.46729e-06 
0.8493 -1.43531e-06 
0.8602 -1.40445e-06 
0.8711 -1.37465e-06 
0.882 -1.34586e-06 
0.8929 -1.31804e-06 
0.9038 -1.29113e-06 
0.9147 -1.26509e-06 
0.9256 -1.23989e-06 
0.9365 -1.21548e-06 
0.9474 -1.19184e-06 
0.9583 -1.16895e-06 
0.9692 -1.14688e-06 
0.9801 -1.12584e-06 
0.991 -1.10604e-06 
1.0019 -1.0875e-06 
1.0128 -1.07016e-06 
1.0237 -1.05393e-06 
1.0346 -1.03872e-06 
1.0455 -1.02448e-06 
1.0564 -1.01115e-06 
1.0673 -9.98677e-07 
1.0782 -9.87017e-07 
1.0891 -9.76128e-07 
1.1 -9.65977e-07 
1.1109 -9.56542e-07 
1.1218 -9.47799e-07 
1.1327 -9.39721e-07 
1.1436 -9.32298e-07 
1.1545 -9.25513e-07 
1.1654 -9.19355e-07 
1.1763 -9.13816e-07 
1.1872 -9.08889e-07 
1.1981 -9.04575e-07 
1.209 -9.00878e-07 
1.2199 -8.9779e-07 
1.2308 -8.95329e-07 
1.2417 -8.9349e-07 
1.2526 -8.92297e-07 
1.2635 -8.91755e-07 
1.2744 -8.91888e-07 
1.2853 -8.92717e-07 
1.2962 -8.94262e-07 
1.3071 -8.96549e-07 
1.318 -8.99616e-07 
1.3289 -9.03503e-07 
1.3398 -9.08242e-07 
1.3507 -9.13876e-07 
1.3616 -9.20471e-07 
1.3725 -9.28071e-07 
1.3834 -9.36747e-07 
1.3943 -9.46561e-07 
1.4052 -9.57598e-07 
1.4161 -9.69923e-07 
1.427 -9.83641e-07 
1.4379 -9.98831e-07 
1.4488 -1.01561e-06 
1.4597 -1.03406e-06 
1.4706 -1.05427e-06 
1.4815 -1.07636e-06 
1.4924 -1.10039e-06 
1.5033 -1.12643e-06 
1.5142 -1.15449e-06 
1.5251 -1.18455e-06 
1.536 -1.21647e-06 
1.5469 -1.25003e-06 
1.5578 -1.28482e-06 
1.5687 -1.32025e-06 
1.5796 -1.35542e-06 
1.5905 -1.38908e-06 
1.6014 -1.41965e-06 
1.6123 -1.44511e-06 
1.6232 -1.46306e-06 
1.6341 -1.47087e-06 
1.645 -1.46597e-06 
1.6559 -1.44614e-06 
1.6668 -1.41003e-06 
1.6777 -1.35746e-06 
1.6886 -1.28972e-06 
1.6995 -1.20945e-06 
1.7104 -1.12029e-06 
1.7213 -1.02637e-06 
1.7322 -9.31666e-07 
1.7431 -8.39577e-07 
1.754 -7.52647e-07 
1.7649 -6.72534e-07 
1.7758 -6.00064e-07 
1.7867 -5.35459e-07 
1.7976 -4.78462e-07 
1.8085 -4.28552e-07 
1.8194 -3.85049e-07 
1.8303 -3.47227e-07 
1.8412 -3.14352e-07 
1.8521 -2.8574e-07 
1.863 -2.60761e-07 
1.8739 -2.38862e-07 
1.8848 -2.19546e-07 
1.8957 -2.02388e-07 
1.9066 -1.87016e-07 
1.9175 -1.73112e-07 
1.9284 -1.60397e-07 
1.9393 -1.48635e-07 
1.9502 -1.37618e-07 
1.9611 -1.27168e-07 
1.972 -1.17127e-07 
1.9829 -1.0736e-07 
1.9938 -9.77468e-08 
2.0047 -8.8186e-08 
2.0156 -7.85963e-08 
2.0265 -6.89291e-08 
2.0374 -5.92127e-08 
2.0483 -4.97075e-08 
2.0592 -4.14711e-08 
2.0701 -3.7054e-08 
2.081 -3.67427e-08 
2.0919 -3.77099e-08 
2.1028 -3.86796e-08 
2.1137 -3.94001e-08 
2.1246 -3.98604e-08 
2.1355 -4.00966e-08 
2.1464 -4.01491e-08 
2.1573 -4.00525e-08 
2.1682 -3.98357e-08 
2.1791 -3.9522e-08 
2.19 -3.913e-08 
2.2009 -3.86751e-08 
2.2118 -3.81695e-08 
2.2227 -3.76236e-08 
2.2336 -3.70457e-08 
2.2445 -3.64427e-08 
2.2554 -3.58205e-08 
2.2663 -3.51839e-08 
2.2772 -3.4537e-08 
2.2881 -3.38834e-08 
2.299 -3.32257e-08 
2.3099 -3.25666e-08 
2.3208 -3.19081e-08 
2.3317 -3.12519e-08 
2.3426 -3.05996e-08 
2.3535 -2.99522e-08 
2.3644 -2.93111e-08 
2.3753 -2.86769e-08 
2.3862 -2.80504e-08 
2.3971 -2.74323e-08 
2.408 -2.68231e-08 
2.4189 -2.62231e-08 
2.4298 -2.56327e-08 
2.4407 -2.50522e-08 
2.4516 -2.44817e-08 
2.4625 -2.39215e-08 
2.4734 -2.33715e-08 
2.4843 -2.28319e-08 
2.4952 -2.23027e-08 
2.5061 -2.17839e-08 
2.517 -2.12755e-08 
2.5279 -2.07773e-08 
2.5388 -2.02895e-08 
2.5497 -1.98117e-08 
2.5606 -1.93441e-08 
2.5715 -1.88864e-08 
2.5824 -1.84386e-08 
2.5933 -1.80004e-08 
2.6042 -1.75718e-08 
2.6151 -1.71526e-08 
2.626 -1.67427e-08 
2.6369 -1.63419e-08 
2.6478 -1.59501e-08 
2.6587 -1.55671e-08 
2.6696 -1.51927e-08 
2.6805 -1.48268e-08 
2.6914 -1.44692e-08 
2.7023 -1.41198e-08 
2.7132 -1.37785e-08 
2.7241 -1.34449e-08 
2.735 -1.31191e-08 
2.7459 -1.28008e-08 
2.7568 -1.24897e-08 
2.7677 -1.2186e-08 
2.7786 -1.18894e-08 
2.7895 -1.15996e-08 
2.8004 -1.13166e-08 
2.8113 -1.10402e-08 
2.8222 -1.07703e-08 
2.8331 -1.05068e-08 
2.844 -1.02494e-08 
2.8549 -9.99807e-09 
2.8658 -9.75263e-09 
2.8767 -9.51299e-09 
2.8876 -9.27902e-09 
2.8985 -9.05061e-09 
2.9094 -8.82757e-09 
2.9203 -8.60987e-09 
2.9312 -8.39726e-09 
2.9421 -8.18974e-09 
2.953 -7.98711e-09 
2.9639 -7.78933e-09 
2.9748 -7.59624e-09 
2.9857 -7.40776e-09 
2.9966 -7.22376e-09 
3.0075 -7.04417e-09 
3.0184 -6.86885e-09 
3.0293 -6.69773e-09 
3.0402 -6.53069e-09 
3.0511 -6.36771e-09 
3.062 -6.20866e-09 
3.0729 -6.05346e-09 
3.0838 -5.90199e-09 
3.0947 -5.75417e-09 
3.1056 -5.60992e-09 
3.1165 -5.46917e-09 
3.1274 -5.33183e-09 
3.1383 -5.19779e-09 
3.1492 -5.06702e-09 
3.1601 -4.93941e-09 
3.171 -4.81491e-09 
3.1819 -4.69343e-09 
3.1928 -4.57493e-09 
3.2037 -4.45931e-09 
3.2146 -4.34652e-09 
3.2255 -4.23649e-09 
3.2364 -4.12915e-09 
3.2473 -4.02445e-09 
3.2582 -3.92234e-09 
3.2691 -3.82274e-09 
3.28 -3.72561e-09 
3.2909 -3.63087e-09 
3.3018 -3.53851e-09 
3.3127 -3.44844e-09 
3.3236 -3.36062e-09 
3.3345 -3.27499e-09 
3.3454 -3.19153e-09 
3.3563 -3.11017e-09 
3.3672 -3.03087e-09 
3.3781 -2.95359e-09 
3.389 -2.87829e-09 
3.3999 -2.80491e-09 
3.4108 -2.73342e-09 
3.4217 -2.6638e-09 
3.4326 -2.59599e-09 
3.4435 -2.52997e-09 
3.4544 -2.4657e-09 
3.4653 -2.40316e-09 
3.4762 -2.34228e-09 
3.4871 -2.28308e-09 
3.498 -2.22551e-09 
3.5089 -2.16955e-09 
3.5198 -2.11519e-09 
3.5307 -2.06242e-09 
3.5416 -2.01121e-09 
3.5525 -1.96159e-09 
3.5634 -1.91354e-09 
3.5743 -1.86711e-09 
3.5852 -1.82231e-09 
3.5961 -1.77899e-09 
3.607 -1.73694e-09 
3.6179 -1.69596e-09 
3.6288 -1.65596e-09 
3.6397 -1.6169e-09 
3.6506 -1.57872e-09 
3.6615 -1.54139e-09 
3.6724 -1.5049e-09 
3.6833 -1.4692e-09 
3.6942 -1.4343e-09 
3.7051 -1.40016e-09 
3.716 -1.36677e-09 
3.7269 -1.3341e-09 
3.7378 -1.30215e-09 
3.7487 -1.27089e-09 
3.7596 -1.24031e-09 
3.7705 -1.21039e-09 
3.7814 -1.18113e-09 
3.7923 -1.1525e-09 
3.8032 -1.1245e-09 
3.8141 -1.09709e-09 
3.825 -1.07029e-09 
3.8359 -1.04406e-09 
3.8468 -1.01841e-09 
3.8577 -9.93316e-10 
3.8686 -9.68757e-10 
3.8795 -9.44736e-10 
3.8904 -9.21242e-10 
3.9013 -8.98255e-10 
3.9122 -8.75775e-10 
3.9231 -8.53771e-10 
3.934 -8.32256e-10 
3.9449 -8.11209e-10 
3.9558 -7.90621e-10 
3.9667 -7.70481e-10 
3.9776 -7.50782e-10 
3.9885 -7.31514e-10 
3.9994 -7.12673e-10 
4.0103 -6.9424e-10 
4.0212 -6.76212e-10 
4.0321 -6.58583e-10 
4.043 -6.41336e-10 
4.0539 -6.24473e-10 
4.0648 -6.07979e-10 
4.0757 -5.91856e-10 
4.0866 -5.76086e-10 
4.0975 -5.6066e-10 
4.1084 -5.45585e-10 
4.1193 -5.3084e-10 
4.1302 -5.16427e-10 
4.1411 -5.02333e-10 
4.152 -4.88554e-10 
4.1629 -4.75082e-10 
4.1738 -4.61915e-10 
4.1847 -4.49045e-10 
4.1956 -4.36462e-10 
4.2065 -4.24165e-10 
4.2174 -4.12144e-10 
4.2283 -4.00398e-10 
4.2392 -3.88918e-10 
4.2501 -3.77699e-10 
4.261 -3.66739e-10 
4.2719 -3.56028e-10 
4.2828 -3.45563e-10 
4.2937 -3.35341e-10 
4.3046 -3.25352e-10 
4.3155 -3.15597e-10 
4.3264 -3.06068e-10 
4.3373 -2.96763e-10 
4.3482 -2.87675e-10 
4.3591 -2.78799e-10 
4.37 -2.70134e-10 
4.3809 -2.61673e-10 
4.3918 -2.53413e-10 
4.4027 -2.45349e-10 
4.4136 -2.3748e-10 
4.4245 -2.298e-10 
4.4354 -2.22304e-10 
4.4463 -2.1499e-10 
4.4572 -2.07856e-10 
4.4681 -2.00895e-10 
4.479 -1.94107e-10 
4.4899 -1.87485e-10 
4.5008 -1.81029e-10 
4.5117 -1.74733e-10 
4.5226 -1.68597e-10 
4.5335 -1.62616e-10 
4.5444 -1.56786e-10 
4.5553 -1.51107e-10 
4.5662 -1.45573e-10 
4.5771 -1.40183e-10 
4.588 -1.34934e-10 
4.5989 -1.29823e-10 
4.6098 -1.24848e-10 
4.6207 -1.20006e-10 
4.6316 -1.15294e-10 
4.6425 -1.10711e-10 
4.6534 -1.06253e-10 
4.6643 -1.01919e-10 
4.6752 -9.77061e-11 
4.6861 -9.36117e-11 
4.697 -8.96342e-11 
4.7079 -8.57716e-11 
4.7188 -8.20216e-11 
4.7297 -7.83823e-11 
4.7406 -7.4852e-11 
4.7515 -7.14288e-11 
4.7624 -6.811e-11 
4.7733 -6.48948e-11 
4.7842 -6.17812e-11 
4.7951 -5.87675e-11 
4.806 -5.58523e-11 
4.8169 -5.30342e-11 
4.8278 -5.0311e-11 
4.8387 -4.76818e-11 
4.8496 -4.51458e-11 
4.8605 -4.27008e-11 
4.8714 -4.03457e-11 
4.8823 -3.808e-11 
4.8932 -3.59019e-11 
4.9041 -3.3811e-11 
4.915 -3.18061e-11 
4.9259 -2.98864e-11 
4.9368 -2.80514e-11 
4.9477 -2.63003e-11 
4.9586 -2.46328e-11 
4.9695 -2.30488e-11 
4.9804 -2.1548e-11 
4.9913 -2.01306e-11 
5.0022 -1.87968e-11 
5.0131 -1.75476e-11 
5.024 -1.6384e-11 
5.0349 -1.53075e-11 
5.0458 -1.43203e-11 
5.0567 -1.34259e-11 
5.0676 -1.26287e-11 
5.0785 -1.1935e-11 
5.0894 -1.13533e-11 
5.1003 -1.08927e-11 
5.1112 -1.05479e-11 
5.1221 -1.02833e-11 
5.133 -1.00639e-11 
5.1439 -9.87125e-12 
5.1548 -9.69664e-12 
5.1657 -9.5351e-12 
5.1766 -9.38373e-12 
5.1875 -9.24062e-12 
5.1984 -9.10442e-12 
5.2093 -8.97415e-12 
5.2202 -8.84908e-12 
5.2311 -8.72862e-12 
5.242 -8.6122e-12 
5.2529 -8.49954e-12 
5.2638 -8.39038e-12 
5.2747 -8.28431e-12 
5.2856 -8.18117e-12 
5.2965 -8.08077e-12 
5.3074 -7.98297e-12 
5.3183 -7.88753e-12 
5.3292 -7.79432e-12 
5.3401 -7.70331e-12 
5.351 -7.61438e-12 
5.3619 -7.52735e-12 
5.3728 -7.44217e-12 
5.3837 -7.35879e-12 
5.3946 -7.27711e-12 
5.4055 -7.19705e-12 
5.4164 -7.11861e-12 
5.4273 -7.04161e-12 
5.4382 -6.96612e-12 
5.4491 -6.89204e-12 
5.46 -6.8193e-12 
5.4709 -6.74787e-12 
5.4818 -6.67774e-12 
5.4927 -6.60883e-12 
5.5036 -6.5411e-12 
5.5145 -6.47456e-12 
5.5254 -6.40912e-12 
5.5363 -6.34482e-12 
5.5472 -6.28152e-12 
5.5581 -6.21932e-12 
5.569 -6.15808e-12 
5.5799 -6.09787e-12 
5.5908 -6.03859e-12 
5.6017 -5.98027e-12 
5.6126 -5.92282e-12 
5.6235 -5.86629e-12 
5.6344 -5.81062e-12 
5.6453 -5.75579e-12 
5.6562 -5.7018e-12 
5.6671 -5.64862e-12 
5.678 -5.59622e-12 
5.6889 -5.5446e-12 
5.6998 -5.49374e-12 
5.7107 -5.44362e-12 
5.7216 -5.39422e-12 
5.7325 -5.34552e-12 
5.7434 -5.29753e-12 
5.7543 -5.25023e-12 
5.7652 -5.20358e-12 
5.7761 -5.15758e-12 
5.787 -5.11222e-12 
5.7979 -5.06749e-12 
5.8088 -5.02338e-12 
5.8197 -4.97986e-12 
5.8306 -4.93695e-12 
5.8415 -4.89461e-12 
5.8524 -4.85283e-12 
5.8633 -4.81163e-12 
5.8742 -4.77096e-12 
5.8851 -4.73083e-12 
5.896 -4.69123e-12 
5.9069 -4.65215e-12 
5.9178 -4.61358e-12 
5.9287 -4.5755e-12 
5.9396 -4.53792e-12 
5.9505 -4.50083e-12 
5.9614 -4.4642e-12 
5.9723 -4.42804e-12 
5.9832 -4.39234e-12 
5.9941 -4.35709e-12 
6.005 -4.32228e-12 
6.0159 -4.2879e-12 
6.0268 -4.25395e-12 
6.0377 -4.22042e-12 
6.0486 -4.18731e-12 
6.0595 -4.1546e-12 
6.0704 -4.12229e-12 
6.0813 -4.09037e-12 
6.0922 -4.05884e-12 
6.1031 -4.02769e-12 
6.114 -3.99691e-12 
6.1249 -3.9665e-12 
6.1358 -3.93645e-12 
6.1467 -3.90676e-12 
6.1576 -3.87742e-12 
6.1685 -3.84843e-12 
6.1794 -3.81978e-12 
6.1903 -3.79145e-12 
6.2012 -3.76347e-12 
6.2121 -3.7358e-12 
6.223 -3.70845e-12 
6.2339 -3.68142e-12 
6.2448 -3.6547e-12 
6.2557 -3.62828e-12 
6.2666 -3.60216e-12 
6.2775 -3.57634e-12 
6.2884 -3.55081e-12 
6.2993 -3.52557e-12 
6.3102 -3.50061e-12 
6.3211 -3.47593e-12 
6.332 -3.45152e-12 
6.3429 -3.42738e-12 
6.3538 -3.40351e-12 
6.3647 -3.3799e-12 
6.3756 -3.35656e-12 
6.3865 -3.33346e-12 
6.3974 -3.31062e-12 
6.4083 -3.28803e-12 
6.4192 -3.26568e-12 
6.4301 -3.24357e-12 
6.441 -3.2217e-12 
6.4519 -3.20006e-12 
6.4628 -3.17865e-12 
6.4737 -3.15748e-12 
6.4846 -3.13652e-12 
6.4955 -3.11579e-12 
6.5064 -3.09527e-12 
6.5173 -3.07497e-12 
6.5282 -3.05489e-12 
6.5391 -3.03501e-12 
6.55 -3.01534e-12 
6.5609 -2.99587e-12 
6.5718 -2.9766e-12 
6.5827 -2.95753e-12 
6.5936 -2.93866e-12 
6.6045 -2.91998e-12 
6.6154 -2.90149e-12 
6.6263 -2.88319e-12 
6.6372 -2.86507e-12 
6.6481 -2.84714e-12 
6.659 -2.82938e-12 
6.6699 -2.8118e-12 
6.6808 -2.79441e-12 
6.6917 -2.77718e-12 
6.7026 -2.76012e-12 
6.7135 -2.74324e-12 
6.7244 -2.72651e-12 
6.7353 -2.70996e-12 
6.7462 -2.69356e-12 
6.7571 -2.67733e-12 
6.768 -2.66126e-12 
6.7789 -2.64534e-12 
6.7898 -2.62957e-12 
6.8007 -2.61396e-12 
6.8116 -2.5985e-12 
6.8225 -2.58318e-12 
6.8334 -2.56802e-12 
6.8443 -2.553e-12 
6.8552 -2.53812e-12 
6.8661 -2.52338e-12 
6.877 -2.50878e-12 
6.8879 -2.49432e-12 
6.8988 -2.47999e-12 
6.9097 -2.4658e-12 
6.9206 -2.45174e-12 
6.9315 -2.43781e-12 
6.9424 -2.42401e-12 
6.9533 -2.41035e-12 
6.9642 -2.3968e-12 
6.9751 -2.38338e-12 
6.986 -2.37008e-12 
6.9969 -2.35691e-12 
7.0078 -2.34385e-12 
7.0187 -2.33091e-12 
7.0296 -2.3181e-12 
7.0405 -2.30539e-12 
7.0514 -2.29281e-12 
7.0623 -2.28033e-12 
7.0732 -2.26796e-12 
7.0841 -2.25571e-12 
7.095 -2.24357e-12 
7.1059 -2.23153e-12 
7.1168 -2.2196e-12 
7.1277 -2.20778e-12 
7.1386 -2.19606e-12 
7.1495 -2.18444e-12 
7.1604 -2.17293e-12 
7.1713 -2.16151e-12 
7.1822 -2.1502e-12 
7.1931 -2.13898e-12 
7.204 -2.12786e-12 
7.2149 -2.11684e-12 
7.2258 -2.10591e-12 
7.2367 -2.09507e-12 
7.2476 -2.08433e-12 
7.2585 -2.07368e-12 
7.2694 -2.06312e-12 
7.2803 -2.05265e-12 
7.2912 -2.04226e-12 
7.3021 -2.03197e-12 
7.313 -2.02176e-12 
7.3239 -2.01164e-12 
7.3348 -2.0016e-12 
7.3457 -1.99165e-12 
7.3566 -1.98178e-12 
7.3675 -1.97199e-12 
7.3784 -1.96228e-12 
7.3893 -1.95265e-12 
7.4002 -1.9431e-12 
7.4111 -1.93363e-12 
7.422 -1.92424e-12 
7.4329 -1.91493e-12 
7.4438 -1.90569e-12 
7.4547 -1.89652e-12 
7.4656 -1.88743e-12 
7.4765 -1.87841e-12 
7.4874 -1.86947e-12 
7.4983 -1.86059e-12 
7.5092 -1.85179e-12 
7.5201 -1.84306e-12 
7.531 -1.8344e-12 
7.5419 -1.8258e-12 
7.5528 -1.81728e-12 
7.5637 -1.80882e-12 
7.5746 -1.80043e-12 
7.5855 -1.7921e-12 
7.5964 -1.78384e-12 
7.6073 -1.77564e-12 
7.6182 -1.76751e-12 
7.6291 -1.75944e-12 
7.64 -1.75144e-12 
7.6509 -1.74349e-12 
7.6618 -1.73561e-12 
7.6727 -1.72779e-12 
7.6836 -1.72002e-12 
7.6945 -1.71232e-12 
7.7054 -1.70467e-12 
7.7163 -1.69708e-12 
7.7272 -1.68956e-12 
7.7381 -1.68208e-12 
7.749 -1.67467e-12 
7.7599 -1.66731e-12 
7.7708 -1.66e-12 
7.7817 -1.65275e-12 
7.7926 -1.64555e-12 
7.8035 -1.63841e-12 
7.8144 -1.63132e-12 
7.8253 -1.62428e-12 
7.8362 -1.6173e-12 
7.8471 -1.61036e-12 
7.858 -1.60348e-12 
7.8689 -1.59665e-12 
7.8798 -1.58986e-12 
7.8907 -1.58313e-12 
7.9016 -1.57645e-12 
7.9125 -1.56981e-12 
7.9234 -1.56322e-12 
7.9343 -1.55668e-12 
7.9452 -1.55018e-12 
7.9561 -1.54374e-12 
7.967 -1.53734e-12 
7.9779 -1.53098e-12 
7.9888 -1.52467e-12 
7.9997 -1.5184e-12 
8.0106 -1.51218e-12 
8.0215 -1.50601e-12 
8.0324 -1.49987e-12 
8.0433 -1.49378e-12 
8.0542 -1.48773e-12 
8.0651 -1.48173e-12 
8.076 -1.47576e-12 
8.0869 -1.46984e-12 
8.0978 -1.46396e-12 
8.1087 -1.45812e-12 
8.1196 -1.45231e-12 
8.1305 -1.44655e-12 
8.1414 -1.44083e-12 
8.1523 -1.43515e-12 
8.1632 -1.42951e-12 
8.1741 -1.4239e-12 
8.185 -1.41833e-12 
8.1959 -1.4128e-12 
8.2068 -1.40731e-12 
8.2177 -1.40186e-12 
8.2286 -1.39644e-12 
8.2395 -1.39106e-12 
8.2504 -1.38571e-12 
8.2613 -1.3804e-12 
8.2722 -1.37512e-12 
8.2831 -1.36988e-12 
8.294 -1.36468e-12 
8.3049 -1.35951e-12 
8.3158 -1.35437e-12 
8.3267 -1.34926e-12 
8.3376 -1.34419e-12 
8.3485 -1.33916e-12 
8.3594 -1.33415e-12 
8.3703 -1.32918e-12 
8.3812 -1.32424e-12 
8.3921 -1.31933e-12 
8.403 -1.31446e-12 
8.4139 -1.30961e-12 
8.4248 -1.3048e-12 
8.4357 -1.30002e-12 
8.4466 -1.29527e-12 
8.4575 -1.29054e-12 
8.4684 -1.28585e-12 
8.4793 -1.28119e-12 
8.4902 -1.27656e-12 
8.5011 -1.27195e-12 
8.512 -1.26738e-12 
8.5229 -1.26283e-12 
8.5338 -1.25832e-12 
8.5447 -1.25383e-12 
8.5556 -1.24937e-12 
8.5665 -1.24493e-12 
8.5774 -1.24053e-12 
8.5883 -1.23615e-12 
8.5992 -1.2318e-12 
8.6101 -1.22747e-12 
8.621 -1.22317e-12 
8.6319 -1.2189e-12 
8.6428 -1.21465e-12 
8.6537 -1.21043e-12 
8.6646 -1.20624e-12 
8.6755 -1.20207e-12 
8.6864 -1.19792e-12 
8.6973 -1.19381e-12 
8.7082 -1.18971e-12 
8.7191 -1.18564e-12 
8.73 -1.1816e-12 
8.7409 -1.17757e-12 
8.7518 -1.17358e-12 
8.7627 -1.16961e-12 
8.7736 -1.16566e-12 
8.7845 -1.16173e-12 
8.7954 -1.15782e-12 
8.8063 -1.15394e-12 
8.8172 -1.15009e-12 
8.8281 -1.14625e-12 
8.839 -1.14244e-12 
8.8499 -1.13865e-12 
8.8608 -1.13488e-12 
8.8717 -1.13113e-12 
8.8826 -1.12741e-12 
8.8935 -1.12371e-12 
8.9044 -1.12002e-12 
8.9153 -1.11636e-12 
8.9262 -1.11272e-12 
8.9371 -1.1091e-12 
8.948 -1.1055e-12 
8.9589 -1.10193e-12 
8.9698 -1.09837e-12 
8.9807 -1.09483e-12 
8.9916 -1.09131e-12 
9.0025 -1.08782e-12 
9.0134 -1.08434e-12 
9.0243 -1.08088e-12 
9.0352 -1.07744e-12 
9.0461 -1.07402e-12 
9.057 -1.07062e-12 
9.0679 -1.06724e-12 
9.0788 -1.06388e-12 
9.0897 -1.06053e-12 
9.1006 -1.0572e-12 
9.1115 -1.0539e-12 
9.1224 -1.05061e-12 
9.1333 -1.04734e-12 
9.1442 -1.04408e-12 
9.1551 -1.04085e-12 
9.166 -1.03763e-12 
9.1769 -1.03443e-12 
9.1878 -1.03124e-12 
9.1987 -1.02808e-12 
9.2096 -1.02493e-12 
9.2205 -1.02179e-12 
9.2314 -1.01868e-12 
9.2423 -1.01558e-12 
9.2532 -1.0125e-12 
9.2641 -1.00943e-12 
9.275 -1.00638e-12 
9.2859 -1.00335e-12 
9.2968 -1.00033e-12 
9.3077 -9.97328e-13 
9.3186 -9.94343e-13 
9.3295 -9.91373e-13 
9.3404 -9.88419e-13 
9.3513 -9.8548e-13 
9.3622 -9.82556e-13 
9.3731 -9.79647e-13 
9.384 -9.76754e-13 
9.3949 -9.73876e-13 
9.4058 -9.71013e-13 
9.4167 -9.68164e-13 
9.4276 -9.6533e-13 
9.4385 -9.6251e-13 
9.4494 -9.59706e-13 
9.4603 -9.56915e-13 
9.4712 -9.54139e-13 
9.4821 -9.51377e-13 
9.493 -9.48628e-13 
9.5039 -9.45895e-13 
9.5148 -9.43174e-13 
9.5257 -9.40467e-13 
9.5366 -9.37774e-13 
9.5475 -9.35095e-13 
9.5584 -9.32429e-13 
9.5693 -9.29775e-13 
9.5802 -9.27136e-13 
9.5911 -9.24509e-13 
9.602 -9.21897e-13 
9.6129 -9.19296e-13 
9.6238 -9.16708e-13 
9.6347 -9.14134e-13 
9.6456 -9.11572e-13 
9.6565 -9.09022e-13 
9.6674 -9.06485e-13 
9.6783 -9.03961e-13 
9.6892 -9.01448e-13 
9.7001 -8.98948e-13 
9.711 -8.96461e-13 
9.7219 -8.93985e-13 
9.7328 -8.91521e-13 
9.7437 -8.89069e-13 
9.7546 -8.86629e-13 
9.7655 -8.84201e-13 
9.7764 -8.81784e-13 
9.7873 -8.79379e-13 
9.7982 -8.76985e-13 
9.8091 -8.74603e-13 
9.82 -8.72232e-13 
9.8309 -8.69872e-13 
9.8418 -8.67524e-13 
9.8527 -8.65186e-13 
9.8636 -8.6286e-13 
9.8745 -8.60545e-13 
9.8854 -8.5824e-13 
9.8963 -8.55946e-13 
9.9072 -8.53663e-13 
9.9181 -8.51391e-13 
9.929 -8.49129e-13 
9.9399 -8.46878e-13 
9.9508 -8.44637e-13 
9.9617 -8.42407e-13 
9.9726 -8.40186e-13 
9.9835 -8.37976e-13 
9.9944 -8.35777e-13 
10.0053 -8.33587e-13 
10.0162 -8.31407e-13 
10.0271 -8.29237e-13 
10.038 -8.27078e-13 
10.0489 -8.24928e-13 
10.0598 -8.22787e-13 
10.0707 -8.20657e-13 
10.0816 -8.18536e-13 
10.0925 -8.16425e-13 
10.1034 -8.14323e-13 
10.1143 -8.1223e-13 
10.1252 -8.10147e-13 
10.1361 -8.08074e-13 
10.147 -8.06009e-13 
10.1579 -8.03954e-13 
10.1688 -8.01908e-13 
10.1797 -7.99871e-13 
10.1906 -7.97843e-13 
10.2015 -7.95823e-13 
10.2124 -7.93813e-13 
10.2233 -7.91812e-13 
10.2342 -7.8982e-13 
10.2451 -7.87836e-13 
10.256 -7.85861e-13 
10.2669 -7.83894e-13 
10.2778 -7.81936e-13 
10.2887 -7.79987e-13 
10.2996 -7.78046e-13 
10.3105 -7.76113e-13 
10.3214 -7.74189e-13 
10.3323 -7.72273e-13 
10.3432 -7.70366e-13 
10.3541 -7.68466e-13 
10.365 -7.66575e-13 
10.3759 -7.64692e-13 
10.3868 -7.62817e-13 
10.3977 -7.60949e-13 
10.4086 -7.5909e-13 
10.4195 -7.57239e-13 
10.4304 -7.55395e-13 
10.4413 -7.5356e-13 
10.4522 -7.51732e-13 
10.4631 -7.49911e-13 
10.474 -7.48099e-13 
10.4849 -7.46294e-13 
10.4958 -7.44496e-13 
10.5067 -7.42706e-13 
10.5176 -7.40924e-13 
10.5285 -7.39149e-13 
10.5394 -7.37381e-13 
10.5503 -7.35621e-13 
10.5612 -7.33868e-13 
10.5721 -7.32122e-13 
10.583 -7.30383e-13 
10.5939 -7.28652e-13 
10.6048 -7.26927e-13 
10.6157 -7.2521e-13 
10.6266 -7.235e-13 
10.6375 -7.21796e-13 
10.6484 -7.201e-13 
10.6593 -7.1841e-13 
10.6702 -7.16728e-13 
10.6811 -7.15052e-13 
10.692 -7.13383e-13 
10.7029 -7.11721e-13 
10.7138 -7.10065e-13 
10.7247 -7.08416e-13 
10.7356 -7.06774e-13 
10.7465 -7.05138e-13 
10.7574 -7.03509e-13 
10.7683 -7.01886e-13 
10.7792 -7.0027e-13 
10.7901 -6.9866e-13 
10.801 -6.97056e-13 
10.8119 -6.95459e-13 
10.8228 -6.93869e-13 
10.8337 -6.92284e-13 
10.8446 -6.90706e-13 
10.8555 -6.89134e-13 
10.8664 -6.87568e-13 
10.8773 -6.86008e-13 
10.8882 -6.84454e-13 
10.8991 -6.82907e-13 
10.91 -6.81365e-13 
10.9209 -6.79829e-13 
10.9318 -6.783e-13 
10.9427 -6.76776e-13 
10.9536 -6.75258e-13 
10.9645 -6.73746e-13 
10.9754 -6.7224e-13 
10.9863 -6.7074e-13 
10.9972 -6.69245e-13 
11.0081 -6.67756e-13 
11.019 -6.66273e-13 
11.0299 -6.64795e-13 
11.0408 -6.63324e-13 
11.0517 -6.61857e-13 
11.0626 -6.60396e-13 
11.0735 -6.58941e-13 
11.0844 -6.57492e-13 
11.0953 -6.56047e-13 
11.1062 -6.54609e-13 
11.1171 -6.53175e-13 
11.128 -6.51747e-13 
11.1389 -6.50324e-13 
11.1498 -6.48907e-13 
11.1607 -6.47495e-13 
11.1716 -6.46088e-13 
11.1825 -6.44687e-13 
11.1934 -6.4329e-13 
11.2043 -6.41899e-13 
11.2152 -6.40513e-13 
11.2261 -6.39132e-13 
11.237 -6.37756e-13 
11.2479 -6.36386e-13 
11.2588 -6.3502e-13 
11.2697 -6.33659e-13 
11.2806 -6.32304e-13 
11.2915 -6.30953e-13 
11.3024 -6.29607e-13 
11.3133 -6.28266e-13 
11.3242 -6.2693e-13 
11.3351 -6.25599e-13 
11.346 -6.24273e-13 
11.3569 -6.22951e-13 
11.3678 -6.21634e-13 
11.3787 -6.20322e-13 
11.3896 -6.19015e-13 
11.4005 -6.17712e-13 
11.4114 -6.16414e-13 
11.4223 -6.15121e-13 
11.4332 -6.13832e-13 
11.4441 -6.12548e-13 
11.455 -6.11269e-13 
11.4659 -6.09994e-13 
11.4768 -6.08723e-13 
11.4877 -6.07457e-13 
11.4986 -6.06196e-13 
11.5095 -6.04939e-13 
11.5204 -6.03686e-13 
11.5313 -6.02438e-13 
11.5422 -6.01194e-13 
11.5531 -5.99955e-13 
11.564 -5.9872e-13 
11.5749 -5.97489e-13 
11.5858 -5.96263e-13 
11.5967 -5.95041e-13 
11.6076 -5.93823e-13 
11.6185 -5.92609e-13 
11.6294 -5.91399e-13 
11.6403 -5.90194e-13 
11.6512 -5.88993e-13 
11.6621 -5.87796e-13 
11.673 -5.86603e-13 
11.6839 -5.85414e-13 
11.6948 -5.8423e-13 
11.7057 -5.83049e-13 
11.7166 -5.81873e-13 
11.7275 -5.807e-13 
11.7384 -5.79532e-13 
11.7493 -5.78367e-13 
11.7602 -5.77206e-13 
11.7711 -5.7605e-13 
11.782 -5.74897e-13 
11.7929 -5.73748e-13 
11.8038 -5.72603e-13 
11.8147 -5.71462e-13 
11.8256 -5.70325e-13 
11.8365 -5.69191e-13 
11.8474 -5.68062e-13 
11.8583 -5.66936e-13 
11.8692 -5.65814e-13 
11.8801 -5.64695e-13 
11.891 -5.63581e-13 
11.9019 -5.6247e-13 
11.9128 -5.61363e-13 
11.9237 -5.60259e-13 
11.9346 -5.59159e-13 
11.9455 -5.58063e-13 
11.9564 -5.5697e-13 
11.9673 -5.55881e-13 
11.9782 -5.54796e-13 
11.9891 -5.53714e-13 
