0.01 -2.36826e-05 
0.0209 -2.24361e-05 
0.0318 -2.12621e-05 
0.0427 -2.0158e-05 
0.0536 -1.91207e-05 
0.0645 -1.81469e-05 
0.0754 -1.7233e-05 
0.0863 -1.63757e-05 
0.0972 -1.55715e-05 
0.1081 -1.4817e-05 
0.119 -1.4109e-05 
0.1299 -1.34445e-05 
0.1408 -1.28205e-05 
0.1517 -1.22342e-05 
0.1626 -1.16832e-05 
0.1735 -1.11649e-05 
0.1844 -1.06771e-05 
0.1953 -1.02178e-05 
0.2062 -9.78488e-06 
0.2171 -9.37666e-06 
0.228 -8.99141e-06 
0.2389 -8.62759e-06 
0.2498 -8.28376e-06 
0.2607 -7.95855e-06 
0.2716 -7.65079e-06 
0.2825 -7.35928e-06 
0.2934 -7.08299e-06 
0.3043 -6.82092e-06 
0.3152 -6.57219e-06 
0.3261 -6.33591e-06 
0.337 -6.11136e-06 
0.3479 -5.89776e-06 
0.3588 -5.69447e-06 
0.3697 -5.50086e-06 
0.3806 -5.31634e-06 
0.3915 -5.14038e-06 
0.4024 -4.97247e-06 
0.4133 -4.81216e-06 
0.4242 -4.659e-06 
0.4351 -4.51258e-06 
0.446 -4.37253e-06 
0.4569 -4.23849e-06 
0.4678 -4.11014e-06 
0.4787 -3.98717e-06 
0.4896 -3.86928e-06 
0.5005 -3.75622e-06 
0.5114 -3.64772e-06 
0.5223 -3.54354e-06 
0.5332 -3.44347e-06 
0.5441 -3.34731e-06 
0.555 -3.25484e-06 
0.5659 -3.16589e-06 
0.5768 -3.08028e-06 
0.5877 -2.99786e-06 
0.5986 -2.91847e-06 
0.6095 -2.84196e-06 
0.6204 -2.76821e-06 
0.6313 -2.69707e-06 
0.6422 -2.62843e-06 
0.6531 -2.56218e-06 
0.664 -2.49821e-06 
0.6749 -2.43642e-06 
0.6858 -2.3767e-06 
0.6967 -2.31898e-06 
0.7076 -2.26316e-06 
0.7185 -2.20916e-06 
0.7294 -2.1569e-06 
0.7403 -2.10631e-06 
0.7512 -2.05733e-06 
0.7621 -2.00987e-06 
0.773 -1.96389e-06 
0.7839 -1.91932e-06 
0.7948 -1.87611e-06 
0.8057 -1.8342e-06 
0.8166 -1.79353e-06 
0.8275 -1.75407e-06 
0.8384 -1.71576e-06 
0.8493 -1.67857e-06 
0.8602 -1.64244e-06 
0.8711 -1.60734e-06 
0.882 -1.57323e-06 
0.8929 -1.54007e-06 
0.9038 -1.50783e-06 
0.9147 -1.47647e-06 
0.9256 -1.44597e-06 
0.9365 -1.41629e-06 
0.9474 -1.3874e-06 
0.9583 -1.35928e-06 
0.9692 -1.33189e-06 
0.9801 -1.30522e-06 
0.991 -1.27924e-06 
1.0019 -1.25392e-06 
1.0128 -1.22924e-06 
1.0237 -1.20519e-06 
1.0346 -1.18174e-06 
1.0455 -1.15886e-06 
1.0564 -1.13655e-06 
1.0673 -1.11478e-06 
1.0782 -1.09354e-06 
1.0891 -1.07281e-06 
1.1 -1.05257e-06 
1.1109 -1.03281e-06 
1.1218 -1.01351e-06 
1.1327 -9.94664e-07 
1.1436 -9.76249e-07 
1.1545 -9.58256e-07 
1.1654 -9.40671e-07 
1.1763 -9.23482e-07 
1.1872 -9.06679e-07 
1.1981 -8.90248e-07 
1.209 -8.74179e-07 
1.2199 -8.58462e-07 
1.2308 -8.43086e-07 
1.2417 -8.28042e-07 
1.2526 -8.13319e-07 
1.2635 -7.9891e-07 
1.2744 -7.84804e-07 
1.2853 -7.70994e-07 
1.2962 -7.57471e-07 
1.3071 -7.44228e-07 
1.318 -7.31256e-07 
1.3289 -7.18547e-07 
1.3398 -7.06096e-07 
1.3507 -6.93895e-07 
1.3616 -6.81937e-07 
1.3725 -6.70216e-07 
1.3834 -6.58725e-07 
1.3943 -6.47458e-07 
1.4052 -6.3641e-07 
1.4161 -6.25574e-07 
1.427 -6.14945e-07 
1.4379 -6.04518e-07 
1.4488 -5.94288e-07 
1.4597 -5.84249e-07 
1.4706 -5.74396e-07 
1.4815 -5.64725e-07 
1.4924 -5.55231e-07 
1.5033 -5.45909e-07 
1.5142 -5.36756e-07 
1.5251 -5.27766e-07 
1.536 -5.18935e-07 
1.5469 -5.1026e-07 
1.5578 -5.01736e-07 
1.5687 -4.93359e-07 
1.5796 -4.85126e-07 
1.5905 -4.77032e-07 
1.6014 -4.69073e-07 
1.6123 -4.61246e-07 
1.6232 -4.53547e-07 
1.6341 -4.4597e-07 
1.645 -4.38512e-07 
1.6559 -4.31167e-07 
1.6668 -4.23932e-07 
1.6777 -4.16806e-07 
1.6886 -4.09798e-07 
1.6995 -4.02916e-07 
1.7104 -3.96161e-07 
1.7213 -3.89532e-07 
1.7322 -3.83027e-07 
1.7431 -3.76642e-07 
1.754 -3.70376e-07 
1.7649 -3.64226e-07 
1.7758 -3.58187e-07 
1.7867 -3.52258e-07 
1.7976 -3.46436e-07 
1.8085 -3.40718e-07 
1.8194 -3.35101e-07 
1.8303 -3.29583e-07 
1.8412 -3.2416e-07 
1.8521 -3.18831e-07 
1.863 -3.13593e-07 
1.8739 -3.08443e-07 
1.8848 -3.03379e-07 
1.8957 -2.98398e-07 
1.9066 -2.93499e-07 
1.9175 -2.88679e-07 
1.9284 -2.83935e-07 
1.9393 -2.79265e-07 
1.9502 -2.74667e-07 
1.9611 -2.70137e-07 
1.972 -2.65675e-07 
1.9829 -2.61281e-07 
1.9938 -2.56961e-07 
2.0047 -2.52716e-07 
2.0156 -2.48546e-07 
2.0265 -2.44451e-07 
2.0374 -2.40427e-07 
2.0483 -2.36474e-07 
2.0592 -2.32589e-07 
2.0701 -2.2877e-07 
2.081 -2.25016e-07 
2.0919 -2.21324e-07 
2.1028 -2.17694e-07 
2.1137 -2.14122e-07 
2.1246 -2.10608e-07 
2.1355 -2.0715e-07 
2.1464 -2.03745e-07 
2.1573 -2.00394e-07 
2.1682 -1.97093e-07 
2.1791 -1.93841e-07 
2.19 -1.90637e-07 
2.2009 -1.8748e-07 
2.2118 -1.84368e-07 
2.2227 -1.81299e-07 
2.2336 -1.78272e-07 
2.2445 -1.75287e-07 
2.2554 -1.72341e-07 
2.2663 -1.69433e-07 
2.2772 -1.66562e-07 
2.2881 -1.63727e-07 
2.299 -1.60926e-07 
2.3099 -1.58159e-07 
2.3208 -1.55423e-07 
2.3317 -1.52718e-07 
2.3426 -1.50043e-07 
2.3535 -1.47396e-07 
2.3644 -1.44776e-07 
2.3753 -1.42182e-07 
2.3862 -1.39613e-07 
2.3971 -1.37067e-07 
2.408 -1.34544e-07 
2.4189 -1.32042e-07 
2.4298 -1.2956e-07 
2.4407 -1.27096e-07 
2.4516 -1.2465e-07 
2.4625 -1.22221e-07 
2.4734 -1.19806e-07 
2.4843 -1.17405e-07 
2.4952 -1.15016e-07 
2.5061 -1.12638e-07 
2.517 -1.1027e-07 
2.5279 -1.07909e-07 
2.5388 -1.05555e-07 
2.5497 -1.03207e-07 
2.5606 -1.00861e-07 
2.5715 -9.85172e-08 
2.5824 -9.61732e-08 
2.5933 -9.3827e-08 
2.6042 -9.14768e-08 
2.6151 -8.91204e-08 
2.626 -8.67553e-08 
2.6369 -8.43792e-08 
2.6478 -8.19893e-08 
2.6587 -7.95829e-08 
2.6696 -7.71565e-08 
2.6805 -7.47069e-08 
2.6914 -7.223e-08 
2.7023 -6.97216e-08 
2.7132 -6.71767e-08 
2.7241 -6.45898e-08 
2.735 -6.19546e-08 
2.7459 -5.92637e-08 
2.7568 -5.65086e-08 
2.7677 -5.36791e-08 
2.7786 -5.0763e-08 
2.7895 -4.77454e-08 
2.8004 -4.46076e-08 
2.8113 -4.13264e-08 
2.8222 -3.78708e-08 
2.8331 -3.42005e-08 
2.844 -3.02607e-08 
2.8549 -2.59789e-08 
2.8658 -2.1275e-08 
2.8767 -1.6181e-08 
2.8876 -1.14337e-08 
2.8985 -8.46276e-09 
2.9094 -7.00081e-09 
2.9203 -6.20942e-09 
2.9312 -5.71121e-09 
2.9421 -5.35816e-09 
2.953 -5.0853e-09 
2.9639 -4.86085e-09 
2.9748 -4.66757e-09 
2.9857 -4.49557e-09 
2.9966 -4.33879e-09 
3.0075 -4.19336e-09 
3.0184 -4.05674e-09 
3.0293 -3.9272e-09 
3.0402 -3.80353e-09 
3.0511 -3.68485e-09 
3.062 -3.5705e-09 
3.0729 -3.46004e-09 
3.0838 -3.35308e-09 
3.0947 -3.24936e-09 
3.1056 -3.14866e-09 
3.1165 -3.05078e-09 
3.1274 -2.9556e-09 
3.1383 -2.86299e-09 
3.1492 -2.77285e-09 
3.1601 -2.68507e-09 
3.171 -2.5996e-09 
3.1819 -2.51635e-09 
3.1928 -2.43527e-09 
3.2037 -2.35629e-09 
3.2146 -2.27937e-09 
3.2255 -2.20445e-09 
3.2364 -2.13148e-09 
3.2473 -2.06042e-09 
3.2582 -1.99123e-09 
3.2691 -1.92386e-09 
3.28 -1.85827e-09 
3.2909 -1.79443e-09 
3.3018 -1.7323e-09 
3.3127 -1.67184e-09 
3.3236 -1.61301e-09 
3.3345 -1.55578e-09 
3.3454 -1.50011e-09 
3.3563 -1.44597e-09 
3.3672 -1.39333e-09 
3.3781 -1.34216e-09 
3.389 -1.29242e-09 
3.3999 -1.24409e-09 
3.4108 -1.19713e-09 
3.4217 -1.15151e-09 
3.4326 -1.10721e-09 
3.4435 -1.0642e-09 
3.4544 -1.02244e-09 
3.4653 -9.81926e-10 
3.4762 -9.42613e-10 
3.4871 -9.04478e-10 
3.498 -8.67503e-10 
3.5089 -8.31655e-10 
3.5198 -7.9692e-10 
3.5307 -7.6327e-10 
3.5416 -7.30677e-10 
3.5525 -6.99128e-10 
3.5634 -6.68594e-10 
3.5743 -6.39061e-10 
3.5852 -6.10506e-10 
3.5961 -5.82911e-10 
3.607 -5.56254e-10 
3.6179 -5.30523e-10 
3.6288 -5.05695e-10 
3.6397 -4.81756e-10 
3.6506 -4.5869e-10 
3.6615 -4.36484e-10 
3.6724 -4.15125e-10 
3.6833 -3.94597e-10 
3.6942 -3.74892e-10 
3.7051 -3.55999e-10 
3.716 -3.37912e-10 
3.7269 -3.20623e-10 
3.7378 -3.04133e-10 
3.7487 -2.88439e-10 
3.7596 -2.7355e-10 
3.7705 -2.59479e-10 
3.7814 -2.4625e-10 
3.7923 -2.33889e-10 
3.8032 -2.22376e-10 
3.8141 -2.11572e-10 
3.825 -2.01316e-10 
3.8359 -1.91522e-10 
3.8468 -1.8214e-10 
3.8577 -1.73146e-10 
3.8686 -1.64518e-10 
3.8795 -1.56243e-10 
3.8904 -1.48309e-10 
3.9013 -1.40708e-10 
3.9122 -1.33431e-10 
3.9231 -1.2647e-10 
3.934 -1.1982e-10 
3.9449 -1.13474e-10 
3.9558 -1.07429e-10 
3.9667 -1.0168e-10 
3.9776 -9.62231e-11 
3.9885 -9.10571e-11 
3.9994 -8.61795e-11 
4.0103 -8.15894e-11 
4.0212 -7.72885e-11 
4.0321 -7.32782e-11 
4.043 -6.95626e-11 
4.0539 -6.61493e-11 
4.0648 -6.30487e-11 
4.0757 -6.02763e-11 
4.0866 -5.78547e-11 
4.0975 -5.58076e-11 
4.1084 -5.41174e-11 
4.1193 -5.26807e-11 
4.1302 -5.13946e-11 
4.1411 -5.02051e-11 
4.152 -4.9086e-11 
4.1629 -4.80224e-11 
4.1738 -4.70052e-11 
4.1847 -4.60282e-11 
4.1956 -4.50871e-11 
4.2065 -4.41782e-11 
4.2174 -4.3299e-11 
4.2283 -4.24475e-11 
4.2392 -4.16217e-11 
4.2501 -4.08198e-11 
4.261 -4.0041e-11 
4.2719 -3.92837e-11 
4.2828 -3.8547e-11 
4.2937 -3.78298e-11 
4.3046 -3.71315e-11 
4.3155 -3.6451e-11 
4.3264 -3.57878e-11 
4.3373 -3.51411e-11 
4.3482 -3.45105e-11 
4.3591 -3.38951e-11 
4.37 -3.32945e-11 
4.3809 -3.27083e-11 
4.3918 -3.21358e-11 
4.4027 -3.15766e-11 
4.4136 -3.10305e-11 
4.4245 -3.04968e-11 
4.4354 -2.99751e-11 
4.4463 -2.94653e-11 
4.4572 -2.89668e-11 
4.4681 -2.84794e-11 
4.479 -2.80026e-11 
4.4899 -2.75362e-11 
4.5008 -2.708e-11 
4.5117 -2.66335e-11 
4.5226 -2.61967e-11 
4.5335 -2.5769e-11 
4.5444 -2.53503e-11 
4.5553 -2.49405e-11 
4.5662 -2.45392e-11 
4.5771 -2.41462e-11 
4.588 -2.37613e-11 
4.5989 -2.33843e-11 
4.6098 -2.30148e-11 
4.6207 -2.26529e-11 
4.6316 -2.22983e-11 
4.6425 -2.19508e-11 
4.6534 -2.16101e-11 
4.6643 -2.12764e-11 
4.6752 -2.09491e-11 
4.6861 -2.06282e-11 
4.697 -2.03135e-11 
4.7079 -2.0005e-11 
4.7188 -1.97025e-11 
4.7297 -1.94057e-11 
4.7406 -1.91147e-11 
4.7515 -1.88292e-11 
4.7624 -1.85491e-11 
4.7733 -1.82743e-11 
4.7842 -1.80046e-11 
4.7951 -1.774e-11 
4.806 -1.74803e-11 
4.8169 -1.72255e-11 
4.8278 -1.69753e-11 
4.8387 -1.67298e-11 
4.8496 -1.64887e-11 
4.8605 -1.6252e-11 
4.8714 -1.60196e-11 
4.8823 -1.57914e-11 
4.8932 -1.55673e-11 
4.9041 -1.53473e-11 
4.915 -1.51311e-11 
4.9259 -1.49188e-11 
4.9368 -1.47103e-11 
4.9477 -1.45054e-11 
4.9586 -1.43041e-11 
4.9695 -1.41064e-11 
4.9804 -1.39121e-11 
4.9913 -1.37212e-11 
5.0022 -1.35336e-11 
5.0131 -1.33492e-11 
5.024 -1.3168e-11 
5.0349 -1.29899e-11 
5.0458 -1.28148e-11 
5.0567 -1.26427e-11 
5.0676 -1.24736e-11 
5.0785 -1.23072e-11 
5.0894 -1.21436e-11 
5.1003 -1.19829e-11 
5.1112 -1.18247e-11 
5.1221 -1.16692e-11 
5.133 -1.15163e-11 
5.1439 -1.13659e-11 
5.1548 -1.1218e-11 
5.1657 -1.10725e-11 
5.1766 -1.09294e-11 
5.1875 -1.07886e-11 
5.1984 -1.06501e-11 
5.2093 -1.05139e-11 
5.2202 -1.03798e-11 
5.2311 -1.0248e-11 
5.242 -1.01181e-11 
5.2529 -9.9904e-12 
5.2638 -9.86472e-12 
5.2747 -9.74103e-12 
5.2856 -9.61929e-12 
5.2965 -9.49948e-12 
5.3074 -9.38154e-12 
5.3183 -9.26545e-12 
5.3292 -9.15113e-12 
5.3401 -9.03866e-12 
5.351 -8.9279e-12 
5.3619 -8.81886e-12 
5.3728 -8.7115e-12 
5.3837 -8.60576e-12 
5.3946 -8.5017e-12 
5.4055 -8.39919e-12 
5.4164 -8.29825e-12 
5.4273 -8.19879e-12 
5.4382 -8.10091e-12 
5.4491 -8.0045e-12 
5.46 -7.9095e-12 
5.4709 -7.81595e-12 
5.4818 -7.72376e-12 
5.4927 -7.63297e-12 
5.5036 -7.54355e-12 
5.5145 -7.45545e-12 
5.5254 -7.36863e-12 
5.5363 -7.2831e-12 
5.5472 -7.19886e-12 
5.5581 -7.11581e-12 
5.569 -7.03397e-12 
5.5799 -6.95335e-12 
5.5908 -6.87388e-12 
5.6017 -6.79558e-12 
5.6126 -6.71841e-12 
5.6235 -6.64232e-12 
5.6344 -6.56736e-12 
5.6453 -6.49345e-12 
5.6562 -6.4206e-12 
5.6671 -6.34879e-12 
5.678 -6.27801e-12 
5.6889 -6.20821e-12 
5.6998 -6.13942e-12 
5.7107 -6.07158e-12 
5.7216 -6.0047e-12 
5.7325 -5.93874e-12 
5.7434 -5.87374e-12 
5.7543 -5.80959e-12 
5.7652 -5.74637e-12 
5.7761 -5.68402e-12 
5.787 -5.62252e-12 
5.7979 -5.56189e-12 
5.8088 -5.50209e-12 
5.8197 -5.44311e-12 
5.8306 -5.38491e-12 
5.8415 -5.32752e-12 
5.8524 -5.2709e-12 
5.8633 -5.21505e-12 
5.8742 -5.15998e-12 
5.8851 -5.10564e-12 
5.896 -5.05202e-12 
5.9069 -4.99912e-12 
5.9178 -4.94696e-12 
5.9287 -4.89544e-12 
5.9396 -4.84464e-12 
5.9505 -4.79454e-12 
5.9614 -4.74506e-12 
5.9723 -4.69625e-12 
5.9832 -4.64807e-12 
5.9941 -4.60055e-12 
6.005 -4.55365e-12 
6.0159 -4.50734e-12 
6.0268 -4.46165e-12 
6.0377 -4.41655e-12 
6.0486 -4.37202e-12 
6.0595 -4.3281e-12 
6.0704 -4.28471e-12 
6.0813 -4.24192e-12 
6.0922 -4.19968e-12 
6.1031 -4.15794e-12 
6.114 -4.11675e-12 
6.1249 -4.07609e-12 
6.1358 -4.03595e-12 
6.1467 -3.99632e-12 
6.1576 -3.95718e-12 
6.1685 -3.91857e-12 
6.1794 -3.8804e-12 
6.1903 -3.84275e-12 
6.2012 -3.80553e-12 
6.2121 -3.76882e-12 
6.223 -3.73253e-12 
6.2339 -3.69672e-12 
6.2448 -3.66134e-12 
6.2557 -3.6264e-12 
6.2666 -3.5919e-12 
6.2775 -3.55781e-12 
6.2884 -3.52415e-12 
6.2993 -3.4909e-12 
6.3102 -3.45807e-12 
6.3211 -3.42563e-12 
6.332 -3.39358e-12 
6.3429 -3.36193e-12 
6.3538 -3.33066e-12 
6.3647 -3.29976e-12 
6.3756 -3.26925e-12 
6.3865 -3.2391e-12 
6.3974 -3.2093e-12 
6.4083 -3.17987e-12 
6.4192 -3.15079e-12 
6.4301 -3.12205e-12 
6.441 -3.09367e-12 
6.4519 -3.06562e-12 
6.4628 -3.03788e-12 
6.4737 -3.0105e-12 
6.4846 -2.98343e-12 
6.4955 -2.95667e-12 
6.5064 -2.93024e-12 
6.5173 -2.9041e-12 
6.5282 -2.87829e-12 
6.5391 -2.85277e-12 
6.55 -2.82754e-12 
6.5609 -2.8026e-12 
6.5718 -2.77796e-12 
6.5827 -2.7536e-12 
6.5936 -2.72953e-12 
6.6045 -2.70573e-12 
6.6154 -2.6822e-12 
6.6263 -2.65894e-12 
6.6372 -2.63596e-12 
6.6481 -2.61321e-12 
6.659 -2.59074e-12 
6.6699 -2.56854e-12 
6.6808 -2.54656e-12 
6.6917 -2.52486e-12 
6.7026 -2.50338e-12 
6.7135 -2.48214e-12 
6.7244 -2.46116e-12 
6.7353 -2.4404e-12 
6.7462 -2.41987e-12 
6.7571 -2.39957e-12 
6.768 -2.37952e-12 
6.7789 -2.35967e-12 
6.7898 -2.34004e-12 
6.8007 -2.32062e-12 
6.8116 -2.30143e-12 
6.8225 -2.28245e-12 
6.8334 -2.26367e-12 
6.8443 -2.24511e-12 
6.8552 -2.22673e-12 
6.8661 -2.20856e-12 
6.877 -2.1906e-12 
6.8879 -2.17283e-12 
6.8988 -2.15524e-12 
6.9097 -2.13785e-12 
6.9206 -2.12066e-12 
6.9315 -2.10363e-12 
6.9424 -2.0868e-12 
6.9533 -2.07015e-12 
6.9642 -2.05367e-12 
6.9751 -2.03737e-12 
6.986 -2.02124e-12 
6.9969 -2.00528e-12 
7.0078 -1.98951e-12 
7.0187 -1.97388e-12 
7.0296 -1.95843e-12 
7.0405 -1.94314e-12 
7.0514 -1.92801e-12 
7.0623 -1.91304e-12 
7.0732 -1.89823e-12 
7.0841 -1.88356e-12 
7.095 -1.86906e-12 
7.1059 -1.8547e-12 
7.1168 -1.8405e-12 
7.1277 -1.82644e-12 
7.1386 -1.81253e-12 
7.1495 -1.79875e-12 
7.1604 -1.78513e-12 
7.1713 -1.77164e-12 
7.1822 -1.75829e-12 
7.1931 -1.74508e-12 
7.204 -1.73201e-12 
7.2149 -1.71906e-12 
7.2258 -1.70625e-12 
7.2367 -1.69357e-12 
7.2476 -1.68101e-12 
7.2585 -1.66859e-12 
7.2694 -1.65628e-12 
7.2803 -1.64411e-12 
7.2912 -1.63205e-12 
7.3021 -1.62012e-12 
7.313 -1.6083e-12 
7.3239 -1.5966e-12 
7.3348 -1.58503e-12 
7.3457 -1.57356e-12 
7.3566 -1.56221e-12 
7.3675 -1.55097e-12 
7.3784 -1.53984e-12 
7.3893 -1.52883e-12 
7.4002 -1.51792e-12 
7.4111 -1.50711e-12 
7.422 -1.49642e-12 
7.4329 -1.48583e-12 
7.4438 -1.47534e-12 
7.4547 -1.46495e-12 
7.4656 -1.45466e-12 
7.4765 -1.44448e-12 
7.4874 -1.4344e-12 
7.4983 -1.4244e-12 
7.5092 -1.41451e-12 
7.5201 -1.40471e-12 
7.531 -1.39501e-12 
7.5419 -1.3854e-12 
7.5528 -1.37588e-12 
7.5637 -1.36646e-12 
7.5746 -1.35712e-12 
7.5855 -1.34787e-12 
7.5964 -1.33871e-12 
7.6073 -1.32964e-12 
7.6182 -1.32065e-12 
7.6291 -1.31174e-12 
7.64 -1.30292e-12 
7.6509 -1.29419e-12 
7.6618 -1.28553e-12 
7.6727 -1.27696e-12 
7.6836 -1.26846e-12 
7.6945 -1.26005e-12 
7.7054 -1.25171e-12 
7.7163 -1.24345e-12 
7.7272 -1.23527e-12 
7.7381 -1.22717e-12 
7.749 -1.21913e-12 
7.7599 -1.21118e-12 
7.7708 -1.20329e-12 
7.7817 -1.19548e-12 
7.7926 -1.18774e-12 
7.8035 -1.18007e-12 
7.8144 -1.17247e-12 
7.8253 -1.16494e-12 
7.8362 -1.15748e-12 
7.8471 -1.15008e-12 
7.858 -1.14276e-12 
7.8689 -1.13549e-12 
7.8798 -1.1283e-12 
7.8907 -1.12117e-12 
7.9016 -1.1141e-12 
7.9125 -1.1071e-12 
7.9234 -1.10015e-12 
7.9343 -1.09327e-12 
7.9452 -1.08646e-12 
7.9561 -1.0797e-12 
7.967 -1.073e-12 
7.9779 -1.06636e-12 
7.9888 -1.05978e-12 
7.9997 -1.05326e-12 
8.0106 -1.0468e-12 
8.0215 -1.04039e-12 
8.0324 -1.03404e-12 
8.0433 -1.02775e-12 
8.0542 -1.0215e-12 
8.0651 -1.01532e-12 
8.076 -1.00919e-12 
8.0869 -1.00311e-12 
8.0978 -9.97081e-13 
8.1087 -9.91107e-13 
8.1196 -9.85185e-13 
8.1305 -9.79313e-13 
8.1414 -9.73492e-13 
8.1523 -9.67721e-13 
8.1632 -9.62e-13 
8.1741 -9.56328e-13 
8.185 -9.50702e-13 
8.1959 -9.45127e-13 
8.2068 -9.39597e-13 
8.2177 -9.34116e-13 
8.2286 -9.2868e-13 
8.2395 -9.23291e-13 
8.2504 -9.17946e-13 
8.2613 -9.12647e-13 
8.2722 -9.07393e-13 
8.2831 -9.02182e-13 
8.294 -8.97015e-13 
8.3049 -8.91892e-13 
8.3158 -8.8681e-13 
8.3267 -8.81772e-13 
8.3376 -8.76776e-13 
8.3485 -8.71819e-13 
8.3594 -8.66906e-13 
8.3703 -8.62031e-13 
8.3812 -8.57197e-13 
8.3921 -8.52404e-13 
8.403 -8.47649e-13 
8.4139 -8.42934e-13 
8.4248 -8.38257e-13 
8.4357 -8.33618e-13 
8.4466 -8.29017e-13 
8.4575 -8.24453e-13 
8.4684 -8.19927e-13 
8.4793 -8.15437e-13 
8.4902 -8.10984e-13 
8.5011 -8.06566e-13 
8.512 -8.02185e-13 
8.5229 -7.97837e-13 
8.5338 -7.93526e-13 
8.5447 -7.89248e-13 
8.5556 -7.85005e-13 
8.5665 -7.80795e-13 
8.5774 -7.76621e-13 
8.5883 -7.72478e-13 
8.5992 -7.68368e-13 
8.6101 -7.64291e-13 
8.621 -7.60246e-13 
8.6319 -7.56233e-13 
8.6428 -7.52252e-13 
8.6537 -7.48302e-13 
8.6646 -7.44382e-13 
8.6755 -7.40494e-13 
8.6864 -7.36636e-13 
8.6973 -7.32807e-13 
8.7082 -7.29009e-13 
8.7191 -7.25241e-13 
8.73 -7.21502e-13 
8.7409 -7.17791e-13 
8.7518 -7.14109e-13 
8.7627 -7.10456e-13 
8.7736 -7.06831e-13 
8.7845 -7.03233e-13 
8.7954 -6.99663e-13 
8.8063 -6.96121e-13 
8.8172 -6.92606e-13 
8.8281 -6.89117e-13 
8.839 -6.85655e-13 
8.8499 -6.82219e-13 
8.8608 -6.78809e-13 
8.8717 -6.75425e-13 
8.8826 -6.72067e-13 
8.8935 -6.68733e-13 
8.9044 -6.65426e-13 
8.9153 -6.62143e-13 
8.9262 -6.58884e-13 
8.9371 -6.55649e-13 
8.948 -6.5244e-13 
8.9589 -6.49254e-13 
8.9698 -6.46092e-13 
8.9807 -6.42953e-13 
8.9916 -6.39837e-13 
9.0025 -6.36744e-13 
9.0134 -6.33675e-13 
9.0243 -6.30627e-13 
9.0352 -6.27603e-13 
9.0461 -6.246e-13 
9.057 -6.2162e-13 
9.0679 -6.18661e-13 
9.0788 -6.15724e-13 
9.0897 -6.12808e-13 
9.1006 -6.09914e-13 
9.1115 -6.0704e-13 
9.1224 -6.04188e-13 
9.1333 -6.01356e-13 
9.1442 -5.98544e-13 
9.1551 -5.95753e-13 
9.166 -5.92982e-13 
9.1769 -5.90231e-13 
9.1878 -5.87499e-13 
9.1987 -5.84787e-13 
9.2096 -5.82094e-13 
9.2205 -5.7942e-13 
9.2314 -5.76765e-13 
9.2423 -5.7413e-13 
9.2532 -5.71513e-13 
9.2641 -5.68914e-13 
9.275 -5.66334e-13 
9.2859 -5.63773e-13 
9.2968 -5.61229e-13 
9.3077 -5.58702e-13 
9.3186 -5.56194e-13 
9.3295 -5.53703e-13 
9.3404 -5.5123e-13 
9.3513 -5.48774e-13 
9.3622 -5.46334e-13 
9.3731 -5.43913e-13 
9.384 -5.41507e-13 
9.3949 -5.39118e-13 
9.4058 -5.36746e-13 
9.4167 -5.3439e-13 
9.4276 -5.3205e-13 
9.4385 -5.29727e-13 
9.4494 -5.27418e-13 
9.4603 -5.25127e-13 
9.4712 -5.2285e-13 
9.4821 -5.2059e-13 
9.493 -5.18344e-13 
9.5039 -5.16114e-13 
9.5148 -5.13898e-13 
9.5257 -5.11699e-13 
9.5366 -5.09513e-13 
9.5475 -5.07343e-13 
9.5584 -5.05187e-13 
9.5693 -5.03046e-13 
9.5802 -5.00919e-13 
9.5911 -4.98806e-13 
9.602 -4.96707e-13 
9.6129 -4.94622e-13 
9.6238 -4.92551e-13 
9.6347 -4.90494e-13 
9.6456 -4.88451e-13 
9.6565 -4.86421e-13 
9.6674 -4.84404e-13 
9.6783 -4.824e-13 
9.6892 -4.8041e-13 
9.7001 -4.78433e-13 
9.711 -4.76469e-13 
9.7219 -4.74518e-13 
9.7328 -4.72579e-13 
9.7437 -4.70653e-13 
9.7546 -4.6874e-13 
9.7655 -4.66839e-13 
9.7764 -4.6495e-13 
9.7873 -4.63074e-13 
9.7982 -4.6121e-13 
9.8091 -4.59357e-13 
9.82 -4.57517e-13 
9.8309 -4.55689e-13 
9.8418 -4.53872e-13 
9.8527 -4.52066e-13 
9.8636 -4.50273e-13 
9.8745 -4.4849e-13 
9.8854 -4.4672e-13 
9.8963 -4.4496e-13 
9.9072 -4.43212e-13 
9.9181 -4.41474e-13 
9.929 -4.39748e-13 
9.9399 -4.38032e-13 
9.9508 -4.36327e-13 
9.9617 -4.34633e-13 
9.9726 -4.32949e-13 
9.9835 -4.31277e-13 
9.9944 -4.29614e-13 
10.0053 -4.27962e-13 
10.0162 -4.2632e-13 
10.0271 -4.24688e-13 
10.038 -4.23068e-13 
10.0489 -4.21456e-13 
10.0598 -4.19854e-13 
10.0707 -4.18263e-13 
10.0816 -4.16681e-13 
10.0925 -4.15109e-13 
10.1034 -4.13546e-13 
10.1143 -4.11993e-13 
10.1252 -4.1045e-13 
10.1361 -4.08916e-13 
10.147 -4.07391e-13 
10.1579 -4.05876e-13 
10.1688 -4.04369e-13 
10.1797 -4.02872e-13 
10.1906 -4.01384e-13 
10.2015 -3.99906e-13 
10.2124 -3.98435e-13 
10.2233 -3.96974e-13 
10.2342 -3.95521e-13 
10.2451 -3.94078e-13 
10.256 -3.92642e-13 
10.2669 -3.91216e-13 
10.2778 -3.89798e-13 
10.2887 -3.88388e-13 
10.2996 -3.86986e-13 
10.3105 -3.85593e-13 
10.3214 -3.84208e-13 
10.3323 -3.82832e-13 
10.3432 -3.81464e-13 
10.3541 -3.80103e-13 
10.365 -3.7875e-13 
10.3759 -3.77406e-13 
10.3868 -3.76069e-13 
10.3977 -3.7474e-13 
10.4086 -3.73419e-13 
10.4195 -3.72105e-13 
10.4304 -3.70799e-13 
10.4413 -3.69501e-13 
10.4522 -3.68211e-13 
10.4631 -3.66927e-13 
10.474 -3.65651e-13 
10.4849 -3.64382e-13 
10.4958 -3.63121e-13 
10.5067 -3.61867e-13 
10.5176 -3.6062e-13 
10.5285 -3.5938e-13 
10.5394 -3.58148e-13 
10.5503 -3.56922e-13 
10.5612 -3.55703e-13 
10.5721 -3.54491e-13 
10.583 -3.53286e-13 
10.5939 -3.52089e-13 
10.6048 -3.50897e-13 
10.6157 -3.49712e-13 
10.6266 -3.48534e-13 
10.6375 -3.47363e-13 
10.6484 -3.46198e-13 
10.6593 -3.4504e-13 
10.6702 -3.43887e-13 
10.6811 -3.42742e-13 
10.692 -3.41603e-13 
10.7029 -3.4047e-13 
10.7138 -3.39344e-13 
10.7247 -3.38224e-13 
10.7356 -3.37109e-13 
10.7465 -3.36002e-13 
10.7574 -3.349e-13 
10.7683 -3.33804e-13 
10.7792 -3.32714e-13 
10.7901 -3.3163e-13 
10.801 -3.30552e-13 
10.8119 -3.2948e-13 
10.8228 -3.28414e-13 
10.8337 -3.27354e-13 
10.8446 -3.26298e-13 
10.8555 -3.25249e-13 
10.8664 -3.24206e-13 
10.8773 -3.23168e-13 
10.8882 -3.22136e-13 
10.8991 -3.2111e-13 
10.91 -3.20089e-13 
10.9209 -3.19073e-13 
10.9318 -3.18063e-13 
10.9427 -3.17058e-13 
10.9536 -3.16059e-13 
10.9645 -3.15065e-13 
10.9754 -3.14076e-13 
10.9863 -3.13092e-13 
10.9972 -3.12114e-13 
11.0081 -3.11141e-13 
11.019 -3.10173e-13 
11.0299 -3.09209e-13 
11.0408 -3.08251e-13 
11.0517 -3.07298e-13 
11.0626 -3.0635e-13 
11.0735 -3.05407e-13 
11.0844 -3.04469e-13 
11.0953 -3.03536e-13 
11.1062 -3.02607e-13 
11.1171 -3.01684e-13 
11.128 -3.00765e-13 
11.1389 -2.99851e-13 
11.1498 -2.98941e-13 
11.1607 -2.98037e-13 
11.1716 -2.97137e-13 
11.1825 -2.96242e-13 
11.1934 -2.95351e-13 
11.2043 -2.94464e-13 
11.2152 -2.93582e-13 
11.2261 -2.92705e-13 
11.237 -2.91833e-13 
11.2479 -2.90964e-13 
11.2588 -2.901e-13 
11.2697 -2.8924e-13 
11.2806 -2.88385e-13 
11.2915 -2.87534e-13 
11.3024 -2.86687e-13 
11.3133 -2.85845e-13 
11.3242 -2.85006e-13 
11.3351 -2.84173e-13 
11.346 -2.83343e-13 
11.3569 -2.82517e-13 
11.3678 -2.81696e-13 
11.3787 -2.80878e-13 
11.3896 -2.80064e-13 
11.4005 -2.79255e-13 
11.4114 -2.78449e-13 
11.4223 -2.77648e-13 
11.4332 -2.7685e-13 
11.4441 -2.76057e-13 
11.455 -2.75267e-13 
11.4659 -2.74481e-13 
11.4768 -2.73699e-13 
11.4877 -2.72921e-13 
11.4986 -2.72146e-13 
11.5095 -2.71376e-13 
11.5204 -2.70609e-13 
11.5313 -2.69846e-13 
11.5422 -2.69086e-13 
11.5531 -2.6833e-13 
11.564 -2.67578e-13 
11.5749 -2.66829e-13 
11.5858 -2.66084e-13 
11.5967 -2.65343e-13 
11.6076 -2.64605e-13 
11.6185 -2.63871e-13 
11.6294 -2.6314e-13 
11.6403 -2.62413e-13 
11.6512 -2.61689e-13 
11.6621 -2.60968e-13 
11.673 -2.60251e-13 
11.6839 -2.59538e-13 
11.6948 -2.58827e-13 
11.7057 -2.5812e-13 
11.7166 -2.57417e-13 
11.7275 -2.56716e-13 
11.7384 -2.56019e-13 
11.7493 -2.55326e-13 
11.7602 -2.54635e-13 
11.7711 -2.53948e-13 
11.782 -2.53263e-13 
11.7929 -2.52583e-13 
11.8038 -2.51905e-13 
11.8147 -2.5123e-13 
11.8256 -2.50559e-13 
11.8365 -2.4989e-13 
11.8474 -2.49225e-13 
11.8583 -2.48563e-13 
11.8692 -2.47903e-13 
11.8801 -2.47247e-13 
11.891 -2.46594e-13 
11.9019 -2.45944e-13 
11.9128 -2.45296e-13 
11.9237 -2.44652e-13 
11.9346 -2.44011e-13 
11.9455 -2.43372e-13 
11.9564 -2.42737e-13 
11.9673 -2.42104e-13 
11.9782 -2.41474e-13 
11.9891 -2.40847e-13 
