0.01 -1.55701e-05 
0.0209 -1.47612e-05 
0.0318 -1.40068e-05 
0.0427 -1.33027e-05 
0.0536 -1.26452e-05 
0.0645 -1.20307e-05 
0.0754 -1.1456e-05 
0.0863 -1.09181e-05 
0.0972 -1.04142e-05 
0.1081 -9.94168e-06 
0.119 -9.49831e-06 
0.1299 -9.08186e-06 
0.1408 -8.69039e-06 
0.1517 -8.32206e-06 
0.1626 -7.9752e-06 
0.1735 -7.64826e-06 
0.1844 -7.33983e-06 
0.1953 -7.04864e-06 
0.2062 -6.77347e-06 
0.2171 -6.51323e-06 
0.228 -6.26691e-06 
0.2389 -6.03357e-06 
0.2498 -5.81237e-06 
0.2607 -5.60249e-06 
0.2716 -5.40322e-06 
0.2825 -5.21387e-06 
0.2934 -5.03383e-06 
0.3043 -4.86251e-06 
0.3152 -4.69937e-06 
0.3261 -4.54392e-06 
0.337 -4.39569e-06 
0.3479 -4.25427e-06 
0.3588 -4.11925e-06 
0.3697 -3.99025e-06 
0.3806 -3.86694e-06 
0.3915 -3.749e-06 
0.4024 -3.63612e-06 
0.4133 -3.52802e-06 
0.4242 -3.42445e-06 
0.4351 -3.32516e-06 
0.446 -3.22993e-06 
0.4569 -3.13853e-06 
0.4678 -3.05077e-06 
0.4787 -2.96647e-06 
0.4896 -2.88545e-06 
0.5005 -2.80754e-06 
0.5114 -2.73258e-06 
0.5223 -2.66044e-06 
0.5332 -2.59098e-06 
0.5441 -2.52406e-06 
0.555 -2.45957e-06 
0.5659 -2.39739e-06 
0.5768 -2.33742e-06 
0.5877 -2.27955e-06 
0.5986 -2.22369e-06 
0.6095 -2.16975e-06 
0.6204 -2.11763e-06 
0.6313 -2.06727e-06 
0.6422 -2.01858e-06 
0.6531 -1.97149e-06 
0.664 -1.92594e-06 
0.6749 -1.88185e-06 
0.6858 -1.83917e-06 
0.6967 -1.79784e-06 
0.7076 -1.7578e-06 
0.7185 -1.719e-06 
0.7294 -1.68139e-06 
0.7403 -1.64492e-06 
0.7512 -1.60955e-06 
0.7621 -1.57523e-06 
0.773 -1.54192e-06 
0.7839 -1.50959e-06 
0.7948 -1.47819e-06 
0.8057 -1.4477e-06 
0.8166 -1.41807e-06 
0.8275 -1.38927e-06 
0.8384 -1.36129e-06 
0.8493 -1.33407e-06 
0.8602 -1.3076e-06 
0.8711 -1.28186e-06 
0.882 -1.2568e-06 
0.8929 -1.23242e-06 
0.9038 -1.20868e-06 
0.9147 -1.18557e-06 
0.9256 -1.16306e-06 
0.9365 -1.14113e-06 
0.9474 -1.11976e-06 
0.9583 -1.09894e-06 
0.9692 -1.07864e-06 
0.9801 -1.05884e-06 
0.991 -1.03954e-06 
1.0019 -1.02072e-06 
1.0128 -1.00235e-06 
1.0237 -9.84433e-07 
1.0346 -9.66945e-07 
1.0455 -9.49873e-07 
1.0564 -9.33204e-07 
1.0673 -9.16929e-07 
1.0782 -9.01032e-07 
1.0891 -8.85505e-07 
1.1 -8.70333e-07 
1.1109 -8.55508e-07 
1.1218 -8.41019e-07 
1.1327 -8.26857e-07 
1.1436 -8.13009e-07 
1.1545 -7.99469e-07 
1.1654 -7.86227e-07 
1.1763 -7.73275e-07 
1.1872 -7.60603e-07 
1.1981 -7.48204e-07 
1.209 -7.36071e-07 
1.2199 -7.24197e-07 
1.2308 -7.12572e-07 
1.2417 -7.01192e-07 
1.2526 -6.90048e-07 
1.2635 -6.79136e-07 
1.2744 -6.68447e-07 
1.2853 -6.57977e-07 
1.2962 -6.4772e-07 
1.3071 -6.37669e-07 
1.318 -6.2782e-07 
1.3289 -6.18166e-07 
1.3398 -6.08703e-07 
1.3507 -5.99426e-07 
1.3616 -5.90331e-07 
1.3725 -5.81412e-07 
1.3834 -5.72665e-07 
1.3943 -5.64086e-07 
1.4052 -5.55671e-07 
1.4161 -5.47414e-07 
1.427 -5.39312e-07 
1.4379 -5.31363e-07 
1.4488 -5.23561e-07 
1.4597 -5.15903e-07 
1.4706 -5.08386e-07 
1.4815 -5.01006e-07 
1.4924 -4.93761e-07 
1.5033 -4.86646e-07 
1.5142 -4.79659e-07 
1.5251 -4.72796e-07 
1.536 -4.66055e-07 
1.5469 -4.59433e-07 
1.5578 -4.52927e-07 
1.5687 -4.46534e-07 
1.5796 -4.40253e-07 
1.5905 -4.34079e-07 
1.6014 -4.28012e-07 
1.6123 -4.22047e-07 
1.6232 -4.16184e-07 
1.6341 -4.10419e-07 
1.645 -4.04751e-07 
1.6559 -3.99177e-07 
1.6668 -3.93696e-07 
1.6777 -3.88305e-07 
1.6886 -3.83002e-07 
1.6995 -3.77785e-07 
1.7104 -3.72653e-07 
1.7213 -3.67603e-07 
1.7322 -3.62634e-07 
1.7431 -3.57744e-07 
1.754 -3.52931e-07 
1.7649 -3.48194e-07 
1.7758 -3.4353e-07 
1.7867 -3.38939e-07 
1.7976 -3.34418e-07 
1.8085 -3.29967e-07 
1.8194 -3.25583e-07 
1.8303 -3.21265e-07 
1.8412 -3.17011e-07 
1.8521 -3.12821e-07 
1.863 -3.08692e-07 
1.8739 -3.04623e-07 
1.8848 -3.00612e-07 
1.8957 -2.96658e-07 
1.9066 -2.92759e-07 
1.9175 -2.88913e-07 
1.9284 -2.85119e-07 
1.9393 -2.81373e-07 
1.9502 -2.77673e-07 
1.9611 -2.74017e-07 
1.972 -2.70404e-07 
1.9829 -2.66839e-07 
1.9938 -2.63325e-07 
2.0047 -2.59864e-07 
2.0156 -2.56457e-07 
2.0265 -2.53102e-07 
2.0374 -2.49799e-07 
2.0483 -2.46549e-07 
2.0592 -2.43349e-07 
2.0701 -2.402e-07 
2.081 -2.371e-07 
2.0919 -2.34048e-07 
2.1028 -2.31044e-07 
2.1137 -2.28087e-07 
2.1246 -2.25176e-07 
2.1355 -2.2231e-07 
2.1464 -2.19488e-07 
2.1573 -2.1671e-07 
2.1682 -2.13974e-07 
2.1791 -2.11281e-07 
2.19 -2.08628e-07 
2.2009 -2.06015e-07 
2.2118 -2.03443e-07 
2.2227 -2.00908e-07 
2.2336 -1.98412e-07 
2.2445 -1.95953e-07 
2.2554 -1.93531e-07 
2.2663 -1.91145e-07 
2.2772 -1.88794e-07 
2.2881 -1.86477e-07 
2.299 -1.84194e-07 
2.3099 -1.81945e-07 
2.3208 -1.79728e-07 
2.3317 -1.77543e-07 
2.3426 -1.7539e-07 
2.3535 -1.73268e-07 
2.3644 -1.71176e-07 
2.3753 -1.69114e-07 
2.3862 -1.67081e-07 
2.3971 -1.65076e-07 
2.408 -1.631e-07 
2.4189 -1.61152e-07 
2.4298 -1.5923e-07 
2.4407 -1.57335e-07 
2.4516 -1.55467e-07 
2.4625 -1.53624e-07 
2.4734 -1.51807e-07 
2.4843 -1.50014e-07 
2.4952 -1.48245e-07 
2.5061 -1.46501e-07 
2.517 -1.4478e-07 
2.5279 -1.43082e-07 
2.5388 -1.41407e-07 
2.5497 -1.39754e-07 
2.5606 -1.38124e-07 
2.5715 -1.36514e-07 
2.5824 -1.34926e-07 
2.5933 -1.33359e-07 
2.6042 -1.31812e-07 
2.6151 -1.30286e-07 
2.626 -1.28779e-07 
2.6369 -1.27291e-07 
2.6478 -1.25823e-07 
2.6587 -1.24374e-07 
2.6696 -1.22943e-07 
2.6805 -1.2153e-07 
2.6914 -1.20135e-07 
2.7023 -1.18757e-07 
2.7132 -1.17397e-07 
2.7241 -1.16054e-07 
2.735 -1.14728e-07 
2.7459 -1.13418e-07 
2.7568 -1.12124e-07 
2.7677 -1.10846e-07 
2.7786 -1.09584e-07 
2.7895 -1.08338e-07 
2.8004 -1.07106e-07 
2.8113 -1.05889e-07 
2.8222 -1.04687e-07 
2.8331 -1.035e-07 
2.844 -1.02326e-07 
2.8549 -1.01167e-07 
2.8658 -1.00022e-07 
2.8767 -9.88895e-08 
2.8876 -9.77708e-08 
2.8985 -9.66651e-08 
2.9094 -9.55724e-08 
2.9203 -9.44924e-08 
2.9312 -9.34249e-08 
2.9421 -9.23697e-08 
2.953 -9.13266e-08 
2.9639 -9.02954e-08 
2.9748 -8.9276e-08 
2.9857 -8.82681e-08 
2.9966 -8.72716e-08 
3.0075 -8.62863e-08 
3.0184 -8.5312e-08 
3.0293 -8.43485e-08 
3.0402 -8.33957e-08 
3.0511 -8.24534e-08 
3.062 -8.15215e-08 
3.0729 -8.05997e-08 
3.0838 -7.9688e-08 
3.0947 -7.87861e-08 
3.1056 -7.78939e-08 
3.1165 -7.70113e-08 
3.1274 -7.6138e-08 
3.1383 -7.5274e-08 
3.1492 -7.44192e-08 
3.1601 -7.35733e-08 
3.171 -7.27362e-08 
3.1819 -7.19078e-08 
3.1928 -7.10879e-08 
3.2037 -7.02765e-08 
3.2146 -6.94734e-08 
3.2255 -6.86783e-08 
3.2364 -6.78913e-08 
3.2473 -6.71121e-08 
3.2582 -6.63407e-08 
3.2691 -6.55769e-08 
3.28 -6.48206e-08 
3.2909 -6.40716e-08 
3.3018 -6.33299e-08 
3.3127 -6.25952e-08 
3.3236 -6.18676e-08 
3.3345 -6.11468e-08 
3.3454 -6.04328e-08 
3.3563 -5.97254e-08 
3.3672 -5.90245e-08 
3.3781 -5.833e-08 
3.389 -5.76417e-08 
3.3999 -5.69595e-08 
3.4108 -5.62833e-08 
3.4217 -5.5613e-08 
3.4326 -5.49484e-08 
3.4435 -5.42893e-08 
3.4544 -5.36358e-08 
3.4653 -5.29875e-08 
3.4762 -5.23444e-08 
3.4871 -5.17068e-08 
3.498 -5.10751e-08 
3.5089 -5.04494e-08 
3.5198 -4.98298e-08 
3.5307 -4.92161e-08 
3.5416 -4.86082e-08 
3.5525 -4.80058e-08 
3.5634 -4.7409e-08 
3.5743 -4.68176e-08 
3.5852 -4.62314e-08 
3.5961 -4.56502e-08 
3.607 -4.50739e-08 
3.6179 -4.45025e-08 
3.6288 -4.39357e-08 
3.6397 -4.33734e-08 
3.6506 -4.28155e-08 
3.6615 -4.22618e-08 
3.6724 -4.17122e-08 
3.6833 -4.11666e-08 
3.6942 -4.06248e-08 
3.7051 -4.00867e-08 
3.716 -3.95522e-08 
3.7269 -3.90211e-08 
3.7378 -3.84933e-08 
3.7487 -3.79686e-08 
3.7596 -3.7447e-08 
3.7705 -3.69282e-08 
3.7814 -3.64121e-08 
3.7923 -3.58987e-08 
3.8032 -3.53876e-08 
3.8141 -3.48789e-08 
3.825 -3.43724e-08 
3.8359 -3.38678e-08 
3.8468 -3.33651e-08 
3.8577 -3.28641e-08 
3.8686 -3.23646e-08 
3.8795 -3.18664e-08 
3.8904 -3.13695e-08 
3.9013 -3.08737e-08 
3.9122 -3.03787e-08 
3.9231 -2.98843e-08 
3.934 -2.93905e-08 
3.9449 -2.8897e-08 
3.9558 -2.84036e-08 
3.9667 -2.79101e-08 
3.9776 -2.74162e-08 
3.9885 -2.69219e-08 
3.9994 -2.64268e-08 
4.0103 -2.59307e-08 
4.0212 -2.54333e-08 
4.0321 -2.49344e-08 
4.043 -2.44337e-08 
4.0539 -2.39309e-08 
4.0648 -2.34257e-08 
4.0757 -2.29178e-08 
4.0866 -2.24067e-08 
4.0975 -2.18922e-08 
4.1084 -2.13738e-08 
4.1193 -2.08511e-08 
4.1302 -2.03235e-08 
4.1411 -1.97907e-08 
4.152 -1.9252e-08 
4.1629 -1.87068e-08 
4.1738 -1.81545e-08 
4.1847 -1.75942e-08 
4.1956 -1.70253e-08 
4.2065 -1.64467e-08 
4.2174 -1.58574e-08 
4.2283 -1.52561e-08 
4.2392 -1.46416e-08 
4.2501 -1.40123e-08 
4.261 -1.33662e-08 
4.2719 -1.27011e-08 
4.2828 -1.20144e-08 
4.2937 -1.13029e-08 
4.3046 -1.05625e-08 
4.3155 -9.78794e-09 
4.3264 -8.97269e-09 
4.3373 -8.10789e-09 
4.3482 -7.18168e-09 
4.3591 -6.17869e-09 
4.37 -5.08286e-09 
4.3809 -3.9071e-09 
4.3918 -2.83062e-09 
4.4027 -2.17641e-09 
4.4136 -1.86601e-09 
4.4245 -1.70462e-09 
4.4354 -1.60697e-09 
4.4463 -1.54012e-09 
4.4572 -1.48981e-09 
4.4681 -1.4491e-09 
4.479 -1.41432e-09 
4.4899 -1.38338e-09 
4.5008 -1.35505e-09 
4.5117 -1.32853e-09 
4.5226 -1.30333e-09 
4.5335 -1.27912e-09 
4.5444 -1.25568e-09 
4.5553 -1.23286e-09 
4.5662 -1.21054e-09 
4.5771 -1.18866e-09 
4.588 -1.16717e-09 
4.5989 -1.14603e-09 
4.6098 -1.12522e-09 
4.6207 -1.1047e-09 
4.6316 -1.08448e-09 
4.6425 -1.06455e-09 
4.6534 -1.04489e-09 
4.6643 -1.0255e-09 
4.6752 -1.00639e-09 
4.6861 -9.8754e-10 
4.697 -9.68959e-10 
4.7079 -9.50648e-10 
4.7188 -9.32596e-10 
4.7297 -9.14807e-10 
4.7406 -8.97282e-10 
4.7515 -8.80022e-10 
4.7624 -8.63019e-10 
4.7733 -8.46284e-10 
4.7842 -8.29799e-10 
4.7951 -8.13579e-10 
4.806 -7.97608e-10 
4.8169 -7.81895e-10 
4.8278 -7.66441e-10 
4.8387 -7.51237e-10 
4.8496 -7.36282e-10 
4.8605 -7.21575e-10 
4.8714 -7.07116e-10 
4.8823 -6.92899e-10 
4.8932 -6.78927e-10 
4.9041 -6.65194e-10 
4.915 -6.517e-10 
4.9259 -6.38441e-10 
4.9368 -6.25415e-10 
4.9477 -6.12621e-10 
4.9586 -6.00056e-10 
4.9695 -5.87715e-10 
4.9804 -5.756e-10 
4.9913 -5.63705e-10 
5.0022 -5.5203e-10 
5.0131 -5.4057e-10 
5.024 -5.29325e-10 
5.0349 -5.1829e-10 
5.0458 -5.07466e-10 
5.0567 -4.96847e-10 
5.0676 -4.86434e-10 
5.0785 -4.76221e-10 
5.0894 -4.6621e-10 
5.1003 -4.56395e-10 
5.1112 -4.46776e-10 
5.1221 -4.3735e-10 
5.133 -4.28114e-10 
5.1439 -4.19068e-10 
5.1548 -4.10209e-10 
5.1657 -4.01536e-10 
5.1766 -3.93047e-10 
5.1875 -3.8474e-10 
5.1984 -3.76616e-10 
5.2093 -3.68671e-10 
5.2202 -3.60906e-10 
5.2311 -3.5332e-10 
5.242 -3.45915e-10 
5.2529 -3.3869e-10 
5.2638 -3.31648e-10 
5.2747 -3.24792e-10 
5.2856 -3.18126e-10 
5.2965 -3.11658e-10 
5.3074 -3.05385e-10 
5.3183 -2.99277e-10 
5.3292 -2.93308e-10 
5.3401 -2.8746e-10 
5.351 -2.81723e-10 
5.3619 -2.76093e-10 
5.3728 -2.70563e-10 
5.3837 -2.65133e-10 
5.3946 -2.59799e-10 
5.4055 -2.5456e-10 
5.4164 -2.49413e-10 
5.4273 -2.44356e-10 
5.4382 -2.39389e-10 
5.4491 -2.34507e-10 
5.46 -2.29711e-10 
5.4709 -2.24999e-10 
5.4818 -2.20369e-10 
5.4927 -2.15821e-10 
5.5036 -2.11352e-10 
5.5145 -2.0696e-10 
5.5254 -2.02645e-10 
5.5363 -1.98406e-10 
5.5472 -1.94242e-10 
5.5581 -1.9015e-10 
5.569 -1.8613e-10 
5.5799 -1.82182e-10 
5.5908 -1.78302e-10 
5.6017 -1.7449e-10 
5.6126 -1.70746e-10 
5.6235 -1.67068e-10 
5.6344 -1.63455e-10 
5.6453 -1.59905e-10 
5.6562 -1.56419e-10 
5.6671 -1.52994e-10 
5.678 -1.49631e-10 
5.6889 -1.46327e-10 
5.6998 -1.43083e-10 
5.7107 -1.39896e-10 
5.7216 -1.36766e-10 
5.7325 -1.33693e-10 
5.7434 -1.30674e-10 
5.7543 -1.2771e-10 
5.7652 -1.248e-10 
5.7761 -1.21942e-10 
5.787 -1.19136e-10 
5.7979 -1.16381e-10 
5.8088 -1.13676e-10 
5.8197 -1.1102e-10 
5.8306 -1.08413e-10 
5.8415 -1.05853e-10 
5.8524 -1.0334e-10 
5.8633 -1.00874e-10 
5.8742 -9.84538e-11 
5.8851 -9.60776e-11 
5.896 -9.37462e-11 
5.9069 -9.14579e-11 
5.9178 -8.92121e-11 
5.9287 -8.70081e-11 
5.9396 -8.48464e-11 
5.9505 -8.27247e-11 
5.9614 -8.06434e-11 
5.9723 -7.86014e-11 
5.9832 -7.65985e-11 
5.9941 -7.46338e-11 
6.005 -7.27067e-11 
6.0159 -7.08165e-11 
6.0268 -6.8963e-11 
6.0377 -6.71452e-11 
6.0486 -6.5363e-11 
6.0595 -6.36158e-11 
6.0704 -6.19026e-11 
6.0813 -6.02231e-11 
6.0922 -5.85769e-11 
6.1031 -5.69637e-11 
6.114 -5.53825e-11 
6.1249 -5.38329e-11 
6.1358 -5.23148e-11 
6.1467 -5.08274e-11 
6.1576 -4.93705e-11 
6.1685 -4.79432e-11 
6.1794 -4.65455e-11 
6.1903 -4.51767e-11 
6.2012 -4.38365e-11 
6.2121 -4.25244e-11 
6.223 -4.12399e-11 
6.2339 -3.9983e-11 
6.2448 -3.87526e-11 
6.2557 -3.75489e-11 
6.2666 -3.63713e-11 
6.2775 -3.52196e-11 
6.2884 -3.40931e-11 
6.2993 -3.29916e-11 
6.3102 -3.19148e-11 
6.3211 -3.08623e-11 
6.332 -2.98337e-11 
6.3429 -2.88288e-11 
6.3538 -2.78471e-11 
6.3647 -2.68884e-11 
6.3756 -2.59525e-11 
6.3865 -2.50389e-11 
6.3974 -2.41474e-11 
6.4083 -2.32777e-11 
6.4192 -2.24294e-11 
6.4301 -2.16025e-11 
6.441 -2.07964e-11 
6.4519 -2.0011e-11 
6.4628 -1.9246e-11 
6.4737 -1.85014e-11 
6.4846 -1.77767e-11 
6.4955 -1.70717e-11 
6.5064 -1.63862e-11 
6.5173 -1.57201e-11 
6.5282 -1.50731e-11 
6.5391 -1.4445e-11 
6.55 -1.38356e-11 
6.5609 -1.32448e-11 
6.5718 -1.26725e-11 
6.5827 -1.21184e-11 
6.5936 -1.15826e-11 
6.6045 -1.10647e-11 
6.6154 -1.05647e-11 
6.6263 -1.00826e-11 
6.6372 -9.61829e-12 
6.6481 -9.17174e-12 
6.659 -8.7429e-12 
6.6699 -8.33178e-12 
6.6808 -7.93844e-12 
6.6917 -7.56292e-12 
6.7026 -7.20537e-12 
6.7135 -6.86595e-12 
6.7244 -6.54493e-12 
6.7353 -6.24262e-12 
6.7462 -5.95943e-12 
6.7571 -5.69595e-12 
6.768 -5.45292e-12 
6.7789 -5.23134e-12 
6.7898 -5.03261e-12 
6.8007 -4.85857e-12 
6.8116 -4.71166e-12 
6.8225 -4.59315e-12 
6.8334 -4.49837e-12 
6.8443 -4.41798e-12 
6.8552 -4.34593e-12 
6.8661 -4.27925e-12 
6.877 -4.21642e-12 
6.8879 -4.15658e-12 
6.8988 -4.09919e-12 
6.9097 -4.04387e-12 
6.9206 -3.99032e-12 
6.9315 -3.93835e-12 
6.9424 -3.88782e-12 
6.9533 -3.83859e-12 
6.9642 -3.79055e-12 
6.9751 -3.74365e-12 
6.986 -3.69775e-12 
6.9969 -3.65285e-12 
7.0078 -3.60887e-12 
7.0187 -3.56577e-12 
7.0296 -3.52351e-12 
7.0405 -3.48205e-12 
7.0514 -3.44135e-12 
7.0623 -3.40138e-12 
7.0732 -3.36214e-12 
7.0841 -3.32357e-12 
7.095 -3.28567e-12 
7.1059 -3.24838e-12 
7.1168 -3.21174e-12 
7.1277 -3.17568e-12 
7.1386 -3.14021e-12 
7.1495 -3.10531e-12 
7.1604 -3.07094e-12 
7.1713 -3.03713e-12 
7.1822 -3.00383e-12 
7.1931 -2.97104e-12 
7.204 -2.93874e-12 
7.2149 -2.90693e-12 
7.2258 -2.8756e-12 
7.2367 -2.84473e-12 
7.2476 -2.81429e-12 
7.2585 -2.78431e-12 
7.2694 -2.75476e-12 
7.2803 -2.72563e-12 
7.2912 -2.69691e-12 
7.3021 -2.6686e-12 
7.313 -2.64069e-12 
7.3239 -2.61316e-12 
7.3348 -2.58601e-12 
7.3457 -2.55925e-12 
7.3566 -2.53284e-12 
7.3675 -2.50679e-12 
7.3784 -2.48109e-12 
7.3893 -2.45575e-12 
7.4002 -2.43074e-12 
7.4111 -2.40606e-12 
7.422 -2.38172e-12 
7.4329 -2.3577e-12 
7.4438 -2.33399e-12 
7.4547 -2.31059e-12 
7.4656 -2.28749e-12 
7.4765 -2.2647e-12 
7.4874 -2.24219e-12 
7.4983 -2.21998e-12 
7.5092 -2.19805e-12 
7.5201 -2.17641e-12 
7.531 -2.15503e-12 
7.5419 -2.13394e-12 
7.5528 -2.11309e-12 
7.5637 -2.09252e-12 
7.5746 -2.0722e-12 
7.5855 -2.05214e-12 
7.5964 -2.03232e-12 
7.6073 -2.01276e-12 
7.6182 -1.99343e-12 
7.6291 -1.97433e-12 
7.64 -1.95547e-12 
7.6509 -1.93684e-12 
7.6618 -1.91845e-12 
7.6727 -1.90027e-12 
7.6836 -1.88232e-12 
7.6945 -1.86456e-12 
7.7054 -1.84704e-12 
7.7163 -1.82972e-12 
7.7272 -1.81261e-12 
7.7381 -1.79571e-12 
7.749 -1.77899e-12 
7.7599 -1.76248e-12 
7.7708 -1.74616e-12 
7.7817 -1.73004e-12 
7.7926 -1.71411e-12 
7.8035 -1.69836e-12 
7.8144 -1.6828e-12 
7.8253 -1.66741e-12 
7.8362 -1.6522e-12 
7.8471 -1.63717e-12 
7.858 -1.62231e-12 
7.8689 -1.60763e-12 
7.8798 -1.59311e-12 
7.8907 -1.57876e-12 
7.9016 -1.56457e-12 
7.9125 -1.55054e-12 
7.9234 -1.53667e-12 
7.9343 -1.52295e-12 
7.9452 -1.5094e-12 
7.9561 -1.496e-12 
7.967 -1.48274e-12 
7.9779 -1.46964e-12 
7.9888 -1.45668e-12 
7.9997 -1.44386e-12 
8.0106 -1.43119e-12 
8.0215 -1.41866e-12 
8.0324 -1.40626e-12 
8.0433 -1.394e-12 
8.0542 -1.38188e-12 
8.0651 -1.36989e-12 
8.076 -1.35803e-12 
8.0869 -1.3463e-12 
8.0978 -1.3347e-12 
8.1087 -1.32322e-12 
8.1196 -1.31187e-12 
8.1305 -1.30065e-12 
8.1414 -1.28954e-12 
8.1523 -1.27855e-12 
8.1632 -1.26768e-12 
8.1741 -1.25693e-12 
8.185 -1.24629e-12 
8.1959 -1.23576e-12 
8.2068 -1.22535e-12 
8.2177 -1.21505e-12 
8.2286 -1.20486e-12 
8.2395 -1.19477e-12 
8.2504 -1.1848e-12 
8.2613 -1.17492e-12 
8.2722 -1.16515e-12 
8.2831 -1.15548e-12 
8.294 -1.14591e-12 
8.3049 -1.13645e-12 
8.3158 -1.12708e-12 
8.3267 -1.11781e-12 
8.3376 -1.10863e-12 
8.3485 -1.09955e-12 
8.3594 -1.09056e-12 
8.3703 -1.08167e-12 
8.3812 -1.07287e-12 
8.3921 -1.06416e-12 
8.403 -1.05553e-12 
8.4139 -1.047e-12 
8.4248 -1.03855e-12 
8.4357 -1.03018e-12 
8.4466 -1.02191e-12 
8.4575 -1.01372e-12 
8.4684 -1.00561e-12 
8.4793 -9.97574e-13 
8.4902 -9.89628e-13 
8.5011 -9.8176e-13 
8.512 -9.73971e-13 
8.5229 -9.66258e-13 
8.5338 -9.58626e-13 
8.5447 -9.51062e-13 
8.5556 -9.43579e-13 
8.5665 -9.36172e-13 
8.5774 -9.28836e-13 
8.5883 -9.21575e-13 
8.5992 -9.14383e-13 
8.6101 -9.07263e-13 
8.621 -9.00211e-13 
8.6319 -8.93232e-13 
8.6428 -8.86316e-13 
8.6537 -8.79475e-13 
8.6646 -8.72693e-13 
8.6755 -8.65981e-13 
8.6864 -8.59333e-13 
8.6973 -8.52748e-13 
8.7082 -8.46228e-13 
8.7191 -8.39775e-13 
8.73 -8.3338e-13 
8.7409 -8.27047e-13 
8.7518 -8.20774e-13 
8.7627 -8.14562e-13 
8.7736 -8.08413e-13 
8.7845 -8.02318e-13 
8.7954 -7.96283e-13 
8.8063 -7.90304e-13 
8.8172 -7.84383e-13 
8.8281 -7.78519e-13 
8.839 -7.72708e-13 
8.8499 -7.66954e-13 
8.8608 -7.61254e-13 
8.8717 -7.55606e-13 
8.8826 -7.50014e-13 
8.8935 -7.4447e-13 
8.9044 -7.38981e-13 
8.9153 -7.33545e-13 
8.9262 -7.28158e-13 
8.9371 -7.22818e-13 
8.948 -7.17533e-13 
8.9589 -7.12293e-13 
8.9698 -7.07103e-13 
8.9807 -7.01964e-13 
8.9916 -6.96868e-13 
9.0025 -6.91817e-13 
9.0134 -6.86818e-13 
9.0243 -6.81861e-13 
9.0352 -6.76951e-13 
9.0461 -6.72087e-13 
9.057 -6.67267e-13 
9.0679 -6.62487e-13 
9.0788 -6.57757e-13 
9.0897 -6.53067e-13 
9.1006 -6.4842e-13 
9.1115 -6.43812e-13 
9.1224 -6.39249e-13 
9.1333 -6.34726e-13 
9.1442 -6.30243e-13 
9.1551 -6.25801e-13 
9.166 -6.21401e-13 
9.1769 -6.17036e-13 
9.1878 -6.12714e-13 
9.1987 -6.08429e-13 
9.2096 -6.04181e-13 
9.2205 -5.99972e-13 
9.2314 -5.95802e-13 
9.2423 -5.91666e-13 
9.2532 -5.87567e-13 
9.2641 -5.83505e-13 
9.275 -5.79479e-13 
9.2859 -5.75488e-13 
9.2968 -5.71532e-13 
9.3077 -5.67613e-13 
9.3186 -5.63728e-13 
9.3295 -5.59874e-13 
9.3404 -5.56054e-13 
9.3513 -5.52271e-13 
9.3622 -5.48516e-13 
9.3731 -5.44796e-13 
9.384 -5.4111e-13 
9.3949 -5.37453e-13 
9.4058 -5.33831e-13 
9.4167 -5.30238e-13 
9.4276 -5.26677e-13 
9.4385 -5.23144e-13 
9.4494 -5.19644e-13 
9.4603 -5.16171e-13 
9.4712 -5.12733e-13 
9.4821 -5.09319e-13 
9.493 -5.05937e-13 
9.5039 -5.02585e-13 
9.5148 -4.99258e-13 
9.5257 -4.95962e-13 
9.5366 -4.92694e-13 
9.5475 -4.89451e-13 
9.5584 -4.86238e-13 
9.5693 -4.83051e-13 
9.5802 -4.79891e-13 
9.5911 -4.76758e-13 
9.602 -4.73652e-13 
9.6129 -4.70571e-13 
9.6238 -4.67515e-13 
9.6347 -4.64485e-13 
9.6456 -4.61481e-13 
9.6565 -4.58503e-13 
9.6674 -4.55549e-13 
9.6783 -4.52619e-13 
9.6892 -4.49713e-13 
9.7001 -4.46832e-13 
9.711 -4.43974e-13 
9.7219 -4.41141e-13 
9.7328 -4.38329e-13 
9.7437 -4.3554e-13 
9.7546 -4.32775e-13 
9.7655 -4.30035e-13 
9.7764 -4.27315e-13 
9.7873 -4.24618e-13 
9.7982 -4.21943e-13 
9.8091 -4.19288e-13 
9.82 -4.16657e-13 
9.8309 -4.14048e-13 
9.8418 -4.11457e-13 
9.8527 -4.08889e-13 
9.8636 -4.06341e-13 
9.8745 -4.03815e-13 
9.8854 -4.01308e-13 
9.8963 -3.98821e-13 
9.9072 -3.96356e-13 
9.9181 -3.9391e-13 
9.929 -3.91484e-13 
9.9399 -3.89077e-13 
9.9508 -3.86687e-13 
9.9617 -3.84317e-13 
9.9726 -3.81968e-13 
9.9835 -3.79636e-13 
9.9944 -3.77324e-13 
10.0053 -3.75029e-13 
10.0162 -3.72752e-13 
10.0271 -3.70495e-13 
10.038 -3.68252e-13 
10.0489 -3.66029e-13 
10.0598 -3.63824e-13 
10.0707 -3.61636e-13 
10.0816 -3.59466e-13 
10.0925 -3.57312e-13 
10.1034 -3.55174e-13 
10.1143 -3.53055e-13 
10.1252 -3.50949e-13 
10.1361 -3.48863e-13 
10.147 -3.46792e-13 
10.1579 -3.44737e-13 
10.1688 -3.42697e-13 
10.1797 -3.40674e-13 
10.1906 -3.38667e-13 
10.2015 -3.36675e-13 
10.2124 -3.34699e-13 
10.2233 -3.32737e-13 
10.2342 -3.30789e-13 
10.2451 -3.28859e-13 
10.256 -3.2694e-13 
10.2669 -3.25039e-13 
10.2778 -3.23152e-13 
10.2887 -3.21278e-13 
10.2996 -3.1942e-13 
10.3105 -3.17575e-13 
10.3214 -3.15745e-13 
10.3323 -3.13927e-13 
10.3432 -3.12125e-13 
10.3541 -3.10335e-13 
10.365 -3.0856e-13 
10.3759 -3.06798e-13 
10.3868 -3.05048e-13 
10.3977 -3.03312e-13 
10.4086 -3.0159e-13 
10.4195 -2.9988e-13 
10.4304 -2.98182e-13 
10.4413 -2.96498e-13 
10.4522 -2.94825e-13 
10.4631 -2.93167e-13 
10.474 -2.9152e-13 
10.4849 -2.89885e-13 
10.4958 -2.88263e-13 
10.5067 -2.86652e-13 
10.5176 -2.85053e-13 
10.5285 -2.83466e-13 
10.5394 -2.81892e-13 
10.5503 -2.80328e-13 
10.5612 -2.78776e-13 
10.5721 -2.77235e-13 
10.583 -2.75706e-13 
10.5939 -2.74187e-13 
10.6048 -2.72681e-13 
10.6157 -2.71185e-13 
10.6266 -2.69699e-13 
10.6375 -2.68226e-13 
10.6484 -2.66762e-13 
10.6593 -2.65309e-13 
10.6702 -2.63867e-13 
10.6811 -2.62436e-13 
10.692 -2.61014e-13 
10.7029 -2.59603e-13 
10.7138 -2.58203e-13 
10.7247 -2.56811e-13 
10.7356 -2.55431e-13 
10.7465 -2.54059e-13 
10.7574 -2.52698e-13 
10.7683 -2.51347e-13 
10.7792 -2.50006e-13 
10.7901 -2.48673e-13 
10.801 -2.47351e-13 
10.8119 -2.46039e-13 
10.8228 -2.44734e-13 
10.8337 -2.4344e-13 
10.8446 -2.42155e-13 
10.8555 -2.40878e-13 
10.8664 -2.39612e-13 
10.8773 -2.38353e-13 
10.8882 -2.37104e-13 
10.8991 -2.35863e-13 
10.91 -2.34632e-13 
10.9209 -2.33409e-13 
10.9318 -2.32194e-13 
10.9427 -2.30989e-13 
10.9536 -2.29791e-13 
10.9645 -2.28602e-13 
10.9754 -2.27421e-13 
10.9863 -2.26248e-13 
10.9972 -2.25084e-13 
11.0081 -2.23927e-13 
11.019 -2.2278e-13 
11.0299 -2.2164e-13 
11.0408 -2.20507e-13 
11.0517 -2.19382e-13 
11.0626 -2.18266e-13 
11.0735 -2.17156e-13 
11.0844 -2.16055e-13 
11.0953 -2.14961e-13 
11.1062 -2.13874e-13 
11.1171 -2.12796e-13 
11.128 -2.11724e-13 
11.1389 -2.10661e-13 
11.1498 -2.09603e-13 
11.1607 -2.08554e-13 
11.1716 -2.07511e-13 
11.1825 -2.06476e-13 
11.1934 -2.05447e-13 
11.2043 -2.04426e-13 
11.2152 -2.03411e-13 
11.2261 -2.02404e-13 
11.237 -2.01403e-13 
11.2479 -2.00409e-13 
11.2588 -1.99421e-13 
11.2697 -1.98441e-13 
11.2806 -1.97467e-13 
11.2915 -1.965e-13 
11.3024 -1.95539e-13 
11.3133 -1.94583e-13 
11.3242 -1.93635e-13 
11.3351 -1.92694e-13 
11.346 -1.91759e-13 
11.3569 -1.90828e-13 
11.3678 -1.89905e-13 
11.3787 -1.88988e-13 
11.3896 -1.88078e-13 
11.4005 -1.87172e-13 
11.4114 -1.86273e-13 
11.4223 -1.8538e-13 
11.4332 -1.84493e-13 
11.4441 -1.83612e-13 
11.455 -1.82736e-13 
11.4659 -1.81866e-13 
11.4768 -1.81002e-13 
11.4877 -1.80145e-13 
11.4986 -1.79291e-13 
11.5095 -1.78444e-13 
11.5204 -1.77603e-13 
11.5313 -1.76766e-13 
11.5422 -1.75936e-13 
11.5531 -1.75111e-13 
11.564 -1.74291e-13 
11.5749 -1.73476e-13 
11.5858 -1.72667e-13 
11.5967 -1.71863e-13 
11.6076 -1.71064e-13 
11.6185 -1.7027e-13 
11.6294 -1.69481e-13 
11.6403 -1.68698e-13 
11.6512 -1.6792e-13 
11.6621 -1.67146e-13 
11.673 -1.66377e-13 
11.6839 -1.65613e-13 
11.6948 -1.64854e-13 
11.7057 -1.64101e-13 
11.7166 -1.63352e-13 
11.7275 -1.62607e-13 
11.7384 -1.61868e-13 
11.7493 -1.61133e-13 
11.7602 -1.60402e-13 
11.7711 -1.59677e-13 
11.782 -1.58956e-13 
11.7929 -1.5824e-13 
11.8038 -1.57528e-13 
11.8147 -1.5682e-13 
11.8256 -1.56117e-13 
11.8365 -1.55419e-13 
11.8474 -1.54724e-13 
11.8583 -1.54035e-13 
11.8692 -1.53349e-13 
11.8801 -1.52668e-13 
11.891 -1.51991e-13 
11.9019 -1.51318e-13 
11.9128 -1.50649e-13 
11.9237 -1.49985e-13 
11.9346 -1.49325e-13 
11.9455 -1.48668e-13 
11.9564 -1.48016e-13 
11.9673 -1.47368e-13 
11.9782 -1.46724e-13 
11.9891 -1.46084e-13 
