0.01 -1.84586e-05 
0.0209 -1.74901e-05 
0.0318 -1.65846e-05 
0.0427 -1.57379e-05 
0.0536 -1.49461e-05 
0.0645 -1.42053e-05 
0.0754 -1.35119e-05 
0.0863 -1.28627e-05 
0.0972 -1.22545e-05 
0.1081 -1.16843e-05 
0.119 -1.11493e-05 
0.1299 -1.06471e-05 
0.1408 -1.01752e-05 
0.1517 -9.73156e-06 
0.1626 -9.31409e-06 
0.1735 -8.92093e-06 
0.1844 -8.55039e-06 
0.1953 -8.20089e-06 
0.2062 -7.87096e-06 
0.2171 -7.55928e-06 
0.228 -7.26457e-06 
0.2389 -6.98572e-06 
0.2498 -6.72167e-06 
0.2607 -6.47143e-06 
0.2716 -6.2341e-06 
0.2825 -6.00886e-06 
0.2934 -5.79493e-06 
0.3043 -5.59158e-06 
0.3152 -5.39819e-06 
0.3261 -5.21411e-06 
0.337 -5.03879e-06 
0.3479 -4.8717e-06 
0.3588 -4.71234e-06 
0.3697 -4.56027e-06 
0.3806 -4.41506e-06 
0.3915 -4.27631e-06 
0.4024 -4.14366e-06 
0.4133 -4.01677e-06 
0.4242 -3.8953e-06 
0.4351 -3.77898e-06 
0.446 -3.66752e-06 
0.4569 -3.56065e-06 
0.4678 -3.45814e-06 
0.4787 -3.35975e-06 
0.4896 -3.26528e-06 
0.5005 -3.17452e-06 
0.5114 -3.08728e-06 
0.5223 -3.00339e-06 
0.5332 -2.92267e-06 
0.5441 -2.84499e-06 
0.555 -2.77019e-06 
0.5659 -2.69812e-06 
0.5768 -2.62867e-06 
0.5877 -2.56169e-06 
0.5986 -2.4971e-06 
0.6095 -2.43477e-06 
0.6204 -2.37459e-06 
0.6313 -2.31649e-06 
0.6422 -2.26035e-06 
0.6531 -2.20609e-06 
0.664 -2.15364e-06 
0.6749 -2.10291e-06 
0.6858 -2.05383e-06 
0.6967 -2.00633e-06 
0.7076 -1.96034e-06 
0.7185 -1.91581e-06 
0.7294 -1.87267e-06 
0.7403 -1.83085e-06 
0.7512 -1.79033e-06 
0.7621 -1.75103e-06 
0.773 -1.71291e-06 
0.7839 -1.67592e-06 
0.7948 -1.64003e-06 
0.8057 -1.60518e-06 
0.8166 -1.57134e-06 
0.8275 -1.53847e-06 
0.8384 -1.50654e-06 
0.8493 -1.4755e-06 
0.8602 -1.44533e-06 
0.8711 -1.41599e-06 
0.882 -1.38746e-06 
0.8929 -1.3597e-06 
0.9038 -1.33269e-06 
0.9147 -1.3064e-06 
0.9256 -1.2808e-06 
0.9365 -1.25588e-06 
0.9474 -1.2316e-06 
0.9583 -1.20795e-06 
0.9692 -1.18491e-06 
0.9801 -1.16244e-06 
0.991 -1.14055e-06 
1.0019 -1.1192e-06 
1.0128 -1.09838e-06 
1.0237 -1.07807e-06 
1.0346 -1.05826e-06 
1.0455 -1.03892e-06 
1.0564 -1.02005e-06 
1.0673 -1.00162e-06 
1.0782 -9.83636e-07 
1.0891 -9.66069e-07 
1.1 -9.48909e-07 
1.1109 -9.32146e-07 
1.1218 -9.15766e-07 
1.1327 -8.9976e-07 
1.1436 -8.84113e-07 
1.1545 -8.68818e-07 
1.1654 -8.53861e-07 
1.1763 -8.39235e-07 
1.1872 -8.24928e-07 
1.1981 -8.10933e-07 
1.209 -7.9724e-07 
1.2199 -7.8384e-07 
1.2308 -7.70725e-07 
1.2417 -7.57887e-07 
1.2526 -7.45318e-07 
1.2635 -7.3301e-07 
1.2744 -7.20957e-07 
1.2853 -7.09151e-07 
1.2962 -6.97585e-07 
1.3071 -6.86253e-07 
1.318 -6.75149e-07 
1.3289 -6.64265e-07 
1.3398 -6.53598e-07 
1.3507 -6.43139e-07 
1.3616 -6.32885e-07 
1.3725 -6.22829e-07 
1.3834 -6.12966e-07 
1.3943 -6.03291e-07 
1.4052 -5.93799e-07 
1.4161 -5.84485e-07 
1.427 -5.75345e-07 
1.4379 -5.66373e-07 
1.4488 -5.57565e-07 
1.4597 -5.48916e-07 
1.4706 -5.40423e-07 
1.4815 -5.32081e-07 
1.4924 -5.23884e-07 
1.5033 -5.1583e-07 
1.5142 -5.07913e-07 
1.5251 -5.00129e-07 
1.536 -4.92473e-07 
1.5469 -4.84938e-07 
1.5578 -4.7752e-07 
1.5687 -4.70209e-07 
1.5796 -4.63002e-07 
1.5905 -4.55903e-07 
1.6014 -4.48924e-07 
1.6123 -4.42068e-07 
1.6232 -4.35338e-07 
1.6341 -4.28733e-07 
1.645 -4.22252e-07 
1.6559 -4.15893e-07 
1.6668 -4.09653e-07 
1.6777 -4.03531e-07 
1.6886 -3.97523e-07 
1.6995 -3.91627e-07 
1.7104 -3.85842e-07 
1.7213 -3.80163e-07 
1.7322 -3.7459e-07 
1.7431 -3.69119e-07 
1.754 -3.63748e-07 
1.7649 -3.58474e-07 
1.7758 -3.53297e-07 
1.7867 -3.48212e-07 
1.7976 -3.43219e-07 
1.8085 -3.38315e-07 
1.8194 -3.33498e-07 
1.8303 -3.28765e-07 
1.8412 -3.24116e-07 
1.8521 -3.19548e-07 
1.863 -3.15059e-07 
1.8739 -3.10647e-07 
1.8848 -3.06312e-07 
1.8957 -3.0205e-07 
1.9066 -2.97861e-07 
1.9175 -2.93742e-07 
1.9284 -2.89692e-07 
1.9393 -2.8571e-07 
1.9502 -2.81794e-07 
1.9611 -2.77943e-07 
1.972 -2.74155e-07 
1.9829 -2.70429e-07 
1.9938 -2.66763e-07 
2.0047 -2.63157e-07 
2.0156 -2.59609e-07 
2.0265 -2.56117e-07 
2.0374 -2.52681e-07 
2.0483 -2.49299e-07 
2.0592 -2.4597e-07 
2.0701 -2.42694e-07 
2.081 -2.39468e-07 
2.0919 -2.36292e-07 
2.1028 -2.33166e-07 
2.1137 -2.30087e-07 
2.1246 -2.27055e-07 
2.1355 -2.24069e-07 
2.1464 -2.21128e-07 
2.1573 -2.18231e-07 
2.1682 -2.15378e-07 
2.1791 -2.12567e-07 
2.19 -2.09797e-07 
2.2009 -2.07068e-07 
2.2118 -2.04379e-07 
2.2227 -2.01729e-07 
2.2336 -1.99118e-07 
2.2445 -1.96544e-07 
2.2554 -1.94007e-07 
2.2663 -1.91506e-07 
2.2772 -1.89041e-07 
2.2881 -1.8661e-07 
2.299 -1.84214e-07 
2.3099 -1.81851e-07 
2.3208 -1.7952e-07 
2.3317 -1.77222e-07 
2.3426 -1.74956e-07 
2.3535 -1.72721e-07 
2.3644 -1.70516e-07 
2.3753 -1.68341e-07 
2.3862 -1.66195e-07 
2.3971 -1.64078e-07 
2.408 -1.61989e-07 
2.4189 -1.59927e-07 
2.4298 -1.57893e-07 
2.4407 -1.55886e-07 
2.4516 -1.53905e-07 
2.4625 -1.51949e-07 
2.4734 -1.50019e-07 
2.4843 -1.48113e-07 
2.4952 -1.46232e-07 
2.5061 -1.44375e-07 
2.517 -1.42541e-07 
2.5279 -1.4073e-07 
2.5388 -1.38941e-07 
2.5497 -1.37175e-07 
2.5606 -1.3543e-07 
2.5715 -1.33706e-07 
2.5824 -1.32004e-07 
2.5933 -1.30322e-07 
2.6042 -1.2866e-07 
2.6151 -1.27018e-07 
2.626 -1.25395e-07 
2.6369 -1.23791e-07 
2.6478 -1.22206e-07 
2.6587 -1.20639e-07 
2.6696 -1.1909e-07 
2.6805 -1.17559e-07 
2.6914 -1.16044e-07 
2.7023 -1.14547e-07 
2.7132 -1.13066e-07 
2.7241 -1.11601e-07 
2.735 -1.10151e-07 
2.7459 -1.08717e-07 
2.7568 -1.07298e-07 
2.7677 -1.05893e-07 
2.7786 -1.04502e-07 
2.7895 -1.03125e-07 
2.8004 -1.01763e-07 
2.8113 -1.00416e-07 
2.8222 -9.9086e-08 
2.8331 -9.77717e-08 
2.844 -9.64733e-08 
2.8549 -9.51903e-08 
2.8658 -9.39224e-08 
2.8767 -9.26692e-08 
2.8876 -9.14304e-08 
2.8985 -9.02054e-08 
2.9094 -8.8994e-08 
2.9203 -8.77959e-08 
2.9312 -8.66105e-08 
2.9421 -8.54375e-08 
2.953 -8.42767e-08 
2.9639 -8.31277e-08 
2.9748 -8.199e-08 
2.9857 -8.08633e-08 
2.9966 -7.97473e-08 
3.0075 -7.86417e-08 
3.0184 -7.7546e-08 
3.0293 -7.646e-08 
3.0402 -7.53833e-08 
3.0511 -7.43156e-08 
3.062 -7.32566e-08 
3.0729 -7.22058e-08 
3.0838 -7.1163e-08 
3.0947 -7.01278e-08 
3.1056 -6.90998e-08 
3.1165 -6.80788e-08 
3.1274 -6.70644e-08 
3.1383 -6.60562e-08 
3.1492 -6.50538e-08 
3.1601 -6.40569e-08 
3.171 -6.30652e-08 
3.1819 -6.20783e-08 
3.1928 -6.10958e-08 
3.2037 -6.01173e-08 
3.2146 -5.91424e-08 
3.2255 -5.81708e-08 
3.2364 -5.7202e-08 
3.2473 -5.62357e-08 
3.2582 -5.52713e-08 
3.2691 -5.43084e-08 
3.28 -5.33466e-08 
3.2909 -5.23855e-08 
3.3018 -5.14245e-08 
3.3127 -5.04631e-08 
3.3236 -4.95008e-08 
3.3345 -4.8537e-08 
3.3454 -4.75712e-08 
3.3563 -4.66027e-08 
3.3672 -4.5631e-08 
3.3781 -4.46553e-08 
3.389 -4.3675e-08 
3.3999 -4.26893e-08 
3.4108 -4.16973e-08 
3.4217 -4.06983e-08 
3.4326 -3.96913e-08 
3.4435 -3.86753e-08 
3.4544 -3.76493e-08 
3.4653 -3.66121e-08 
3.4762 -3.55625e-08 
3.4871 -3.4499e-08 
3.498 -3.34201e-08 
3.5089 -3.23242e-08 
3.5198 -3.12093e-08 
3.5307 -3.00733e-08 
3.5416 -2.89139e-08 
3.5525 -2.77283e-08 
3.5634 -2.65132e-08 
3.5743 -2.5265e-08 
3.5852 -2.39792e-08 
3.5961 -2.26506e-08 
3.607 -2.12728e-08 
3.6179 -1.98377e-08 
3.6288 -1.83354e-08 
3.6397 -1.67525e-08 
3.6506 -1.50718e-08 
3.6615 -1.32706e-08 
3.6724 -1.13197e-08 
3.6833 -9.19461e-09 
3.6942 -6.95578e-09 
3.7051 -5.04295e-09 
3.716 -3.97556e-09 
3.7269 -3.47087e-09 
3.7378 -3.19928e-09 
3.7487 -3.02833e-09 
3.7596 -2.9066e-09 
3.7705 -2.81151e-09 
3.7814 -2.73204e-09 
3.7923 -2.66229e-09 
3.8032 -2.59891e-09 
3.8141 -2.53992e-09 
3.825 -2.48406e-09 
3.8359 -2.43055e-09 
3.8468 -2.37887e-09 
3.8577 -2.32867e-09 
3.8686 -2.27971e-09 
3.8795 -2.23183e-09 
3.8904 -2.18492e-09 
3.9013 -2.13891e-09 
3.9122 -2.09372e-09 
3.9231 -2.04932e-09 
3.934 -2.0057e-09 
3.9449 -1.9628e-09 
3.9558 -1.92065e-09 
3.9667 -1.87921e-09 
3.9776 -1.83847e-09 
3.9885 -1.79843e-09 
3.9994 -1.75907e-09 
4.0103 -1.72041e-09 
4.0212 -1.68241e-09 
4.0321 -1.6451e-09 
4.043 -1.60845e-09 
4.0539 -1.57247e-09 
4.0648 -1.53713e-09 
4.0757 -1.50246e-09 
4.0866 -1.46843e-09 
4.0975 -1.43503e-09 
4.1084 -1.40226e-09 
4.1193 -1.37011e-09 
4.1302 -1.33859e-09 
4.1411 -1.30767e-09 
4.152 -1.27736e-09 
4.1629 -1.24764e-09 
4.1738 -1.21851e-09 
4.1847 -1.18996e-09 
4.1956 -1.16198e-09 
4.2065 -1.13456e-09 
4.2174 -1.1077e-09 
4.2283 -1.08139e-09 
4.2392 -1.05563e-09 
4.2501 -1.03039e-09 
4.261 -1.00568e-09 
4.2719 -9.81491e-10 
4.2828 -9.57807e-10 
4.2937 -9.3463e-10 
4.3046 -9.11947e-10 
4.3155 -8.89748e-10 
4.3264 -8.68033e-10 
4.3373 -8.46788e-10 
4.3482 -8.26007e-10 
4.3591 -8.05687e-10 
4.37 -7.85819e-10 
4.3809 -7.66394e-10 
4.3918 -7.47405e-10 
4.4027 -7.2885e-10 
4.4136 -7.10718e-10 
4.4245 -6.93007e-10 
4.4354 -6.75706e-10 
4.4463 -6.58815e-10 
4.4572 -6.42322e-10 
4.4681 -6.26227e-10 
4.479 -6.10523e-10 
4.4899 -5.95205e-10 
4.5008 -5.8027e-10 
4.5117 -5.6571e-10 
4.5226 -5.51528e-10 
4.5335 -5.37719e-10 
4.5444 -5.2428e-10 
4.5553 -5.11213e-10 
4.5662 -4.98517e-10 
4.5771 -4.86195e-10 
4.588 -4.74253e-10 
4.5989 -4.62702e-10 
4.6098 -4.51552e-10 
4.6207 -4.40786e-10 
4.6316 -4.30345e-10 
4.6425 -4.2017e-10 
4.6534 -4.10231e-10 
4.6643 -4.00513e-10 
4.6752 -3.91001e-10 
4.6861 -3.8169e-10 
4.697 -3.72573e-10 
4.7079 -3.63646e-10 
4.7188 -3.54901e-10 
4.7297 -3.46336e-10 
4.7406 -3.37946e-10 
4.7515 -3.29729e-10 
4.7624 -3.21678e-10 
4.7733 -3.13794e-10 
4.7842 -3.06067e-10 
4.7951 -2.98503e-10 
4.806 -2.9109e-10 
4.8169 -2.83828e-10 
4.8278 -2.76718e-10 
4.8387 -2.69752e-10 
4.8496 -2.62929e-10 
4.8605 -2.56247e-10 
4.8714 -2.49703e-10 
4.8823 -2.43292e-10 
4.8932 -2.37015e-10 
4.9041 -2.30869e-10 
4.915 -2.2485e-10 
4.9259 -2.18955e-10 
4.9368 -2.13184e-10 
4.9477 -2.07532e-10 
4.9586 -2.01999e-10 
4.9695 -1.96583e-10 
4.9804 -1.9128e-10 
4.9913 -1.8609e-10 
5.0022 -1.8101e-10 
5.0131 -1.76036e-10 
5.024 -1.7117e-10 
5.0349 -1.66406e-10 
5.0458 -1.61746e-10 
5.0567 -1.57184e-10 
5.0676 -1.52723e-10 
5.0785 -1.48358e-10 
5.0894 -1.44086e-10 
5.1003 -1.39908e-10 
5.1112 -1.35822e-10 
5.1221 -1.31825e-10 
5.133 -1.27917e-10 
5.1439 -1.24095e-10 
5.1548 -1.20359e-10 
5.1657 -1.16705e-10 
5.1766 -1.13135e-10 
5.1875 -1.09644e-10 
5.1984 -1.06233e-10 
5.2093 -1.029e-10 
5.2202 -9.96431e-11 
5.2311 -9.64614e-11 
5.242 -9.33539e-11 
5.2529 -9.03184e-11 
5.2638 -8.73544e-11 
5.2747 -8.44605e-11 
5.2856 -8.16354e-11 
5.2965 -7.88778e-11 
5.3074 -7.61871e-11 
5.3183 -7.35613e-11 
5.3292 -7.10002e-11 
5.3401 -6.85022e-11 
5.351 -6.60662e-11 
5.3619 -6.36914e-11 
5.3728 -6.13767e-11 
5.3837 -5.91213e-11 
5.3946 -5.69237e-11 
5.4055 -5.47837e-11 
5.4164 -5.27e-11 
5.4273 -5.06717e-11 
5.4382 -4.86979e-11 
5.4491 -4.67779e-11 
5.46 -4.49107e-11 
5.4709 -4.30957e-11 
5.4818 -4.1332e-11 
5.4927 -3.9619e-11 
5.5036 -3.79557e-11 
5.5145 -3.63416e-11 
5.5254 -3.4776e-11 
5.5363 -3.32581e-11 
5.5472 -3.17878e-11 
5.5581 -3.03638e-11 
5.569 -2.8986e-11 
5.5799 -2.76536e-11 
5.5908 -2.63664e-11 
5.6017 -2.51236e-11 
5.6126 -2.39249e-11 
5.6235 -2.277e-11 
5.6344 -2.16584e-11 
5.6453 -2.05899e-11 
5.6562 -1.95641e-11 
5.6671 -1.8581e-11 
5.678 -1.76404e-11 
5.6889 -1.67421e-11 
5.6998 -1.58862e-11 
5.7107 -1.50729e-11 
5.7216 -1.43024e-11 
5.7325 -1.35751e-11 
5.7434 -1.28916e-11 
5.7543 -1.22527e-11 
5.7652 -1.16595e-11 
5.7761 -1.11136e-11 
5.787 -1.06172e-11 
5.7979 -1.01731e-11 
5.8088 -9.78554e-12 
5.8197 -9.45963e-12 
5.8306 -9.19763e-12 
5.8415 -8.9877e-12 
5.8524 -8.8091e-12 
5.8633 -8.64872e-12 
5.8742 -8.50026e-12 
5.8851 -8.36051e-12 
5.896 -8.22755e-12 
5.9069 -8.10012e-12 
5.9178 -7.97747e-12 
5.9287 -7.85895e-12 
5.9396 -7.74411e-12 
5.9505 -7.63259e-12 
5.9614 -7.5241e-12 
5.9723 -7.41841e-12 
5.9832 -7.31536e-12 
5.9941 -7.21474e-12 
6.005 -7.11645e-12 
6.0159 -7.02033e-12 
6.0268 -6.92628e-12 
6.0377 -6.83419e-12 
6.0486 -6.74399e-12 
6.0595 -6.65563e-12 
6.0704 -6.56899e-12 
6.0813 -6.48403e-12 
6.0922 -6.40067e-12 
6.1031 -6.31888e-12 
6.114 -6.23861e-12 
6.1249 -6.15979e-12 
6.1358 -6.08236e-12 
6.1467 -6.00633e-12 
6.1576 -5.93162e-12 
6.1685 -5.85819e-12 
6.1794 -5.78605e-12 
6.1903 -5.71511e-12 
6.2012 -5.64538e-12 
6.2121 -5.5768e-12 
6.223 -5.50935e-12 
6.2339 -5.44299e-12 
6.2448 -5.37774e-12 
6.2557 -5.31353e-12 
6.2666 -5.25035e-12 
6.2775 -5.18816e-12 
6.2884 -5.12696e-12 
6.2993 -5.06673e-12 
6.3102 -5.00743e-12 
6.3211 -4.94906e-12 
6.332 -4.89157e-12 
6.3429 -4.83497e-12 
6.3538 -4.77923e-12 
6.3647 -4.72432e-12 
6.3756 -4.67025e-12 
6.3865 -4.61699e-12 
6.3974 -4.56451e-12 
6.4083 -4.51284e-12 
6.4192 -4.46191e-12 
6.4301 -4.41172e-12 
6.441 -4.36226e-12 
6.4519 -4.31353e-12 
6.4628 -4.26552e-12 
6.4737 -4.21819e-12 
6.4846 -4.17152e-12 
6.4955 -4.12552e-12 
6.5064 -4.0802e-12 
6.5173 -4.03551e-12 
6.5282 -3.99145e-12 
6.5391 -3.94801e-12 
6.55 -3.90518e-12 
6.5609 -3.86292e-12 
6.5718 -3.82127e-12 
6.5827 -3.7802e-12 
6.5936 -3.73969e-12 
6.6045 -3.69974e-12 
6.6154 -3.66033e-12 
6.6263 -3.62147e-12 
6.6372 -3.58311e-12 
6.6481 -3.54529e-12 
6.659 -3.50798e-12 
6.6699 -3.47117e-12 
6.6808 -3.43486e-12 
6.6917 -3.39901e-12 
6.7026 -3.36365e-12 
6.7135 -3.32877e-12 
6.7244 -3.29435e-12 
6.7353 -3.26038e-12 
6.7462 -3.22685e-12 
6.7571 -3.19375e-12 
6.768 -3.1611e-12 
6.7789 -3.12888e-12 
6.7898 -3.09707e-12 
6.8007 -3.06566e-12 
6.8116 -3.03465e-12 
6.8225 -3.00405e-12 
6.8334 -2.97385e-12 
6.8443 -2.94403e-12 
6.8552 -2.91459e-12 
6.8661 -2.88554e-12 
6.877 -2.85682e-12 
6.8879 -2.82849e-12 
6.8988 -2.80051e-12 
6.9097 -2.77289e-12 
6.9206 -2.7456e-12 
6.9315 -2.71866e-12 
6.9424 -2.69205e-12 
6.9533 -2.66578e-12 
6.9642 -2.63984e-12 
6.9751 -2.6142e-12 
6.986 -2.58889e-12 
6.9969 -2.56389e-12 
7.0078 -2.53918e-12 
7.0187 -2.51479e-12 
7.0296 -2.49069e-12 
7.0405 -2.46689e-12 
7.0514 -2.44338e-12 
7.0623 -2.42014e-12 
7.0732 -2.39719e-12 
7.0841 -2.37451e-12 
7.095 -2.35211e-12 
7.1059 -2.32997e-12 
7.1168 -2.3081e-12 
7.1277 -2.28648e-12 
7.1386 -2.26513e-12 
7.1495 -2.24404e-12 
7.1604 -2.22318e-12 
7.1713 -2.20257e-12 
7.1822 -2.18221e-12 
7.1931 -2.16208e-12 
7.204 -2.14219e-12 
7.2149 -2.12253e-12 
7.2258 -2.1031e-12 
7.2367 -2.0839e-12 
7.2476 -2.06492e-12 
7.2585 -2.04617e-12 
7.2694 -2.02761e-12 
7.2803 -2.00929e-12 
7.2912 -1.99117e-12 
7.3021 -1.97326e-12 
7.313 -1.95554e-12 
7.3239 -1.93804e-12 
7.3348 -1.92073e-12 
7.3457 -1.90362e-12 
7.3566 -1.88669e-12 
7.3675 -1.86997e-12 
7.3784 -1.85344e-12 
7.3893 -1.83708e-12 
7.4002 -1.82091e-12 
7.4111 -1.80493e-12 
7.422 -1.78912e-12 
7.4329 -1.77349e-12 
7.4438 -1.75802e-12 
7.4547 -1.74274e-12 
7.4656 -1.72762e-12 
7.4765 -1.71267e-12 
7.4874 -1.69788e-12 
7.4983 -1.68327e-12 
7.5092 -1.66879e-12 
7.5201 -1.65448e-12 
7.531 -1.64034e-12 
7.5419 -1.62635e-12 
7.5528 -1.6125e-12 
7.5637 -1.59881e-12 
7.5746 -1.58526e-12 
7.5855 -1.57187e-12 
7.5964 -1.55862e-12 
7.6073 -1.5455e-12 
7.6182 -1.53253e-12 
7.6291 -1.5197e-12 
7.64 -1.507e-12 
7.6509 -1.49445e-12 
7.6618 -1.48203e-12 
7.6727 -1.46974e-12 
7.6836 -1.45757e-12 
7.6945 -1.44554e-12 
7.7054 -1.43363e-12 
7.7163 -1.42185e-12 
7.7272 -1.41019e-12 
7.7381 -1.39865e-12 
7.749 -1.38724e-12 
7.7599 -1.37594e-12 
7.7708 -1.36477e-12 
7.7817 -1.35371e-12 
7.7926 -1.34276e-12 
7.8035 -1.33193e-12 
7.8144 -1.32121e-12 
7.8253 -1.3106e-12 
7.8362 -1.3001e-12 
7.8471 -1.28971e-12 
7.858 -1.27942e-12 
7.8689 -1.26924e-12 
7.8798 -1.25916e-12 
7.8907 -1.24919e-12 
7.9016 -1.23932e-12 
7.9125 -1.22954e-12 
7.9234 -1.21987e-12 
7.9343 -1.21029e-12 
7.9452 -1.20082e-12 
7.9561 -1.19143e-12 
7.967 -1.18214e-12 
7.9779 -1.17295e-12 
7.9888 -1.16385e-12 
7.9997 -1.15483e-12 
8.0106 -1.14591e-12 
8.0215 -1.13708e-12 
8.0324 -1.12833e-12 
8.0433 -1.11968e-12 
8.0542 -1.11111e-12 
8.0651 -1.10261e-12 
8.076 -1.09421e-12 
8.0869 -1.08589e-12 
8.0978 -1.07765e-12 
8.1087 -1.06949e-12 
8.1196 -1.06141e-12 
8.1305 -1.05341e-12 
8.1414 -1.04549e-12 
8.1523 -1.03765e-12 
8.1632 -1.02988e-12 
8.1741 -1.02218e-12 
8.185 -1.01456e-12 
8.1959 -1.00702e-12 
8.2068 -9.9955e-13 
8.2177 -9.92144e-13 
8.2286 -9.84817e-13 
8.2395 -9.77558e-13 
8.2504 -9.70368e-13 
8.2613 -9.63247e-13 
8.2722 -9.56194e-13 
8.2831 -9.49208e-13 
8.294 -9.4229e-13 
8.3049 -9.35435e-13 
8.3158 -9.28648e-13 
8.3267 -9.21923e-13 
8.3376 -9.15262e-13 
8.3485 -9.08664e-13 
8.3594 -9.02124e-13 
8.3703 -8.95649e-13 
8.3812 -8.89238e-13 
8.3921 -8.82883e-13 
8.403 -8.76588e-13 
8.4139 -8.70349e-13 
8.4248 -8.64171e-13 
8.4357 -8.58051e-13 
8.4466 -8.51985e-13 
8.4575 -8.45978e-13 
8.4684 -8.40024e-13 
8.4793 -8.34125e-13 
8.4902 -8.28282e-13 
8.5011 -8.22495e-13 
8.512 -8.16754e-13 
8.5229 -8.11071e-13 
8.5338 -8.0544e-13 
8.5447 -7.99856e-13 
8.5556 -7.94327e-13 
8.5665 -7.88846e-13 
8.5774 -7.83415e-13 
8.5883 -7.78035e-13 
8.5992 -7.72701e-13 
8.6101 -7.67418e-13 
8.621 -7.62179e-13 
8.6319 -7.56991e-13 
8.6428 -7.51844e-13 
8.6537 -7.46746e-13 
8.6646 -7.41696e-13 
8.6755 -7.3669e-13 
8.6864 -7.31728e-13 
8.6973 -7.2681e-13 
8.7082 -7.21936e-13 
8.7191 -7.17103e-13 
8.73 -7.12317e-13 
8.7409 -7.07571e-13 
8.7518 -7.02867e-13 
8.7627 -6.98205e-13 
8.7736 -6.93581e-13 
8.7845 -6.89e-13 
8.7954 -6.84458e-13 
8.8063 -6.7996e-13 
8.8172 -6.75495e-13 
8.8281 -6.71073e-13 
8.839 -6.66687e-13 
8.8499 -6.62339e-13 
8.8608 -6.58032e-13 
8.8717 -6.53758e-13 
8.8826 -6.49526e-13 
8.8935 -6.45325e-13 
8.9044 -6.41164e-13 
8.9153 -6.37038e-13 
8.9262 -6.32948e-13 
8.9371 -6.28889e-13 
8.948 -6.24869e-13 
8.9589 -6.20885e-13 
8.9698 -6.16929e-13 
8.9807 -6.13011e-13 
8.9916 -6.09124e-13 
9.0025 -6.05271e-13 
9.0134 -6.01451e-13 
9.0243 -5.97663e-13 
9.0352 -5.93908e-13 
9.0461 -5.90184e-13 
9.057 -5.86489e-13 
9.0679 -5.82827e-13 
9.0788 -5.79194e-13 
9.0897 -5.75595e-13 
9.1006 -5.72024e-13 
9.1115 -5.68484e-13 
9.1224 -5.64971e-13 
9.1333 -5.61489e-13 
9.1442 -5.58035e-13 
9.1551 -5.54611e-13 
9.166 -5.51212e-13 
9.1769 -5.47845e-13 
9.1878 -5.44502e-13 
9.1987 -5.4119e-13 
9.2096 -5.37905e-13 
9.2205 -5.34644e-13 
9.2314 -5.31412e-13 
9.2423 -5.28206e-13 
9.2532 -5.25027e-13 
9.2641 -5.21873e-13 
9.275 -5.18744e-13 
9.2859 -5.15641e-13 
9.2968 -5.12564e-13 
9.3077 -5.09511e-13 
9.3186 -5.06484e-13 
9.3295 -5.03479e-13 
9.3404 -5.00499e-13 
9.3513 -4.97544e-13 
9.3622 -4.94611e-13 
9.3731 -4.91704e-13 
9.384 -4.88819e-13 
9.3949 -4.85957e-13 
9.4058 -4.83118e-13 
9.4167 -4.80301e-13 
9.4276 -4.77507e-13 
9.4385 -4.74736e-13 
9.4494 -4.71985e-13 
9.4603 -4.69257e-13 
9.4712 -4.66551e-13 
9.4821 -4.63866e-13 
9.493 -4.61202e-13 
9.5039 -4.58558e-13 
9.5148 -4.55937e-13 
9.5257 -4.53334e-13 
9.5366 -4.50753e-13 
9.5475 -4.48192e-13 
9.5584 -4.45649e-13 
9.5693 -4.43129e-13 
9.5802 -4.40628e-13 
9.5911 -4.38144e-13 
9.602 -4.35682e-13 
9.6129 -4.33236e-13 
9.6238 -4.30812e-13 
9.6347 -4.28406e-13 
9.6456 -4.26018e-13 
9.6565 -4.23646e-13 
9.6674 -4.21297e-13 
9.6783 -4.18961e-13 
9.6892 -4.16647e-13 
9.7001 -4.1435e-13 
9.711 -4.1207e-13 
9.7219 -4.09807e-13 
9.7328 -4.0756e-13 
9.7437 -4.05333e-13 
9.7546 -4.03121e-13 
9.7655 -4.00926e-13 
9.7764 -3.98747e-13 
9.7873 -3.96584e-13 
9.7982 -3.94439e-13 
9.8091 -3.9231e-13 
9.82 -3.90196e-13 
9.8309 -3.88098e-13 
9.8418 -3.86017e-13 
9.8527 -3.83951e-13 
9.8636 -3.81899e-13 
9.8745 -3.79862e-13 
9.8854 -3.77842e-13 
9.8963 -3.75836e-13 
9.9072 -3.73845e-13 
9.9181 -3.71869e-13 
9.929 -3.69909e-13 
9.9399 -3.67963e-13 
9.9508 -3.66029e-13 
9.9617 -3.64113e-13 
9.9726 -3.62207e-13 
9.9835 -3.60317e-13 
9.9944 -3.58441e-13 
10.0053 -3.56578e-13 
10.0162 -3.54729e-13 
10.0271 -3.52894e-13 
10.038 -3.51071e-13 
10.0489 -3.49262e-13 
10.0598 -3.47467e-13 
10.0707 -3.45684e-13 
10.0816 -3.43914e-13 
10.0925 -3.42157e-13 
10.1034 -3.40413e-13 
10.1143 -3.38681e-13 
10.1252 -3.36962e-13 
10.1361 -3.35254e-13 
10.147 -3.3356e-13 
10.1579 -3.31877e-13 
10.1688 -3.30206e-13 
10.1797 -3.28547e-13 
10.1906 -3.269e-13 
10.2015 -3.25265e-13 
10.2124 -3.23642e-13 
10.2233 -3.2203e-13 
10.2342 -3.20429e-13 
10.2451 -3.1884e-13 
10.256 -3.17261e-13 
10.2669 -3.15695e-13 
10.2778 -3.14138e-13 
10.2887 -3.12593e-13 
10.2996 -3.11059e-13 
10.3105 -3.09536e-13 
10.3214 -3.08023e-13 
10.3323 -3.06521e-13 
10.3432 -3.05029e-13 
10.3541 -3.03548e-13 
10.365 -3.02077e-13 
10.3759 -3.00616e-13 
10.3868 -2.99166e-13 
10.3977 -2.97724e-13 
10.4086 -2.96294e-13 
10.4195 -2.94873e-13 
10.4304 -2.93462e-13 
10.4413 -2.92061e-13 
10.4522 -2.90669e-13 
10.4631 -2.89287e-13 
10.474 -2.87914e-13 
10.4849 -2.86551e-13 
10.4958 -2.85197e-13 
10.5067 -2.83852e-13 
10.5176 -2.82517e-13 
10.5285 -2.8119e-13 
10.5394 -2.79873e-13 
10.5503 -2.78564e-13 
10.5612 -2.77264e-13 
10.5721 -2.75973e-13 
10.583 -2.74691e-13 
10.5939 -2.73417e-13 
10.6048 -2.72152e-13 
10.6157 -2.70895e-13 
10.6266 -2.69647e-13 
10.6375 -2.68407e-13 
10.6484 -2.67176e-13 
10.6593 -2.65953e-13 
10.6702 -2.64738e-13 
10.6811 -2.6353e-13 
10.692 -2.62331e-13 
10.7029 -2.6114e-13 
10.7138 -2.59957e-13 
10.7247 -2.58782e-13 
10.7356 -2.57614e-13 
10.7465 -2.56454e-13 
10.7574 -2.55302e-13 
10.7683 -2.54157e-13 
10.7792 -2.5302e-13 
10.7901 -2.5189e-13 
10.801 -2.50768e-13 
10.8119 -2.49653e-13 
10.8228 -2.48545e-13 
10.8337 -2.47445e-13 
10.8446 -2.46351e-13 
10.8555 -2.45265e-13 
10.8664 -2.44186e-13 
10.8773 -2.43113e-13 
10.8882 -2.42048e-13 
10.8991 -2.4099e-13 
10.91 -2.39938e-13 
10.9209 -2.38894e-13 
10.9318 -2.37855e-13 
10.9427 -2.36824e-13 
10.9536 -2.35799e-13 
10.9645 -2.34781e-13 
10.9754 -2.33769e-13 
10.9863 -2.32764e-13 
10.9972 -2.31765e-13 
11.0081 -2.30772e-13 
11.019 -2.29786e-13 
11.0299 -2.28806e-13 
11.0408 -2.27832e-13 
11.0517 -2.26864e-13 
11.0626 -2.25903e-13 
11.0735 -2.24948e-13 
11.0844 -2.23998e-13 
11.0953 -2.23055e-13 
11.1062 -2.22117e-13 
11.1171 -2.21186e-13 
11.128 -2.2026e-13 
11.1389 -2.1934e-13 
11.1498 -2.18425e-13 
11.1607 -2.17517e-13 
11.1716 -2.16614e-13 
11.1825 -2.15716e-13 
11.1934 -2.14825e-13 
11.2043 -2.13938e-13 
11.2152 -2.13057e-13 
11.2261 -2.12182e-13 
11.237 -2.11312e-13 
11.2479 -2.10448e-13 
11.2588 -2.09588e-13 
11.2697 -2.08734e-13 
11.2806 -2.07886e-13 
11.2915 -2.07042e-13 
11.3024 -2.06203e-13 
11.3133 -2.0537e-13 
11.3242 -2.04542e-13 
11.3351 -2.03719e-13 
11.346 -2.029e-13 
11.3569 -2.02087e-13 
11.3678 -2.01279e-13 
11.3787 -2.00476e-13 
11.3896 -1.99677e-13 
11.4005 -1.98883e-13 
11.4114 -1.98094e-13 
11.4223 -1.9731e-13 
11.4332 -1.9653e-13 
11.4441 -1.95756e-13 
11.455 -1.94985e-13 
11.4659 -1.9422e-13 
11.4768 -1.93459e-13 
11.4877 -1.92702e-13 
11.4986 -1.9195e-13 
11.5095 -1.91203e-13 
11.5204 -1.90459e-13 
11.5313 -1.89721e-13 
11.5422 -1.88986e-13 
11.5531 -1.88256e-13 
11.564 -1.87531e-13 
11.5749 -1.86809e-13 
11.5858 -1.86092e-13 
11.5967 -1.85379e-13 
11.6076 -1.8467e-13 
11.6185 -1.83966e-13 
11.6294 -1.83265e-13 
11.6403 -1.82569e-13 
11.6512 -1.81876e-13 
11.6621 -1.81188e-13 
11.673 -1.80504e-13 
11.6839 -1.79823e-13 
11.6948 -1.79147e-13 
11.7057 -1.78474e-13 
11.7166 -1.77806e-13 
11.7275 -1.77141e-13 
11.7384 -1.7648e-13 
11.7493 -1.75823e-13 
11.7602 -1.75169e-13 
11.7711 -1.7452e-13 
11.782 -1.73874e-13 
11.7929 -1.73232e-13 
11.8038 -1.72593e-13 
11.8147 -1.71958e-13 
11.8256 -1.71327e-13 
11.8365 -1.70699e-13 
11.8474 -1.70075e-13 
11.8583 -1.69454e-13 
11.8692 -1.68837e-13 
11.8801 -1.68224e-13 
11.891 -1.67614e-13 
11.9019 -1.67007e-13 
11.9128 -1.66403e-13 
11.9237 -1.65804e-13 
11.9346 -1.65207e-13 
11.9455 -1.64614e-13 
11.9564 -1.64024e-13 
11.9673 -1.63438e-13 
11.9782 -1.62854e-13 
11.9891 -1.62274e-13 
