0.01 -2.58238e-05 
0.0209 -2.44336e-05 
0.0318 -2.31228e-05 
0.0427 -2.18894e-05 
0.0536 -2.07304e-05 
0.0645 -1.96427e-05 
0.0754 -1.86226e-05 
0.0863 -1.76664e-05 
0.0972 -1.67705e-05 
0.1081 -1.5931e-05 
0.119 -1.51443e-05 
0.1299 -1.4407e-05 
0.1408 -1.37157e-05 
0.1517 -1.30673e-05 
0.1626 -1.24588e-05 
0.1735 -1.18875e-05 
0.1844 -1.13507e-05 
0.1953 -1.08461e-05 
0.2062 -1.03713e-05 
0.2171 -9.92429e-06 
0.228 -9.50316e-06 
0.2389 -9.10608e-06 
0.2498 -8.73143e-06 
0.2607 -8.37767e-06 
0.2716 -8.04337e-06 
0.2825 -7.7272e-06 
0.2934 -7.42799e-06 
0.3043 -7.14461e-06 
0.3152 -6.87601e-06 
0.3261 -6.62125e-06 
0.337 -6.37942e-06 
0.3479 -6.14972e-06 
0.3588 -5.93138e-06 
0.3697 -5.72369e-06 
0.3806 -5.52601e-06 
0.3915 -5.33771e-06 
0.4024 -5.15825e-06 
0.4133 -4.98709e-06 
0.4242 -4.82374e-06 
0.4351 -4.66776e-06 
0.446 -4.51872e-06 
0.4569 -4.37622e-06 
0.4678 -4.2399e-06 
0.4787 -4.10942e-06 
0.4896 -3.98445e-06 
0.5005 -3.8647e-06 
0.5114 -3.74989e-06 
0.5223 -3.63974e-06 
0.5332 -3.53404e-06 
0.5441 -3.43253e-06 
0.555 -3.335e-06 
0.5659 -3.24126e-06 
0.5768 -3.1511e-06 
0.5877 -3.06437e-06 
0.5986 -2.98088e-06 
0.6095 -2.90048e-06 
0.6204 -2.82301e-06 
0.6313 -2.74836e-06 
0.6422 -2.67636e-06 
0.6531 -2.60692e-06 
0.664 -2.5399e-06 
0.6749 -2.4752e-06 
0.6858 -2.41271e-06 
0.6967 -2.35233e-06 
0.7076 -2.29397e-06 
0.7185 -2.23755e-06 
0.7294 -2.18297e-06 
0.7403 -2.13016e-06 
0.7512 -2.07904e-06 
0.7621 -2.02954e-06 
0.773 -1.9816e-06 
0.7839 -1.93515e-06 
0.7948 -1.89013e-06 
0.8057 -1.84647e-06 
0.8166 -1.80413e-06 
0.8275 -1.76306e-06 
0.8384 -1.7232e-06 
0.8493 -1.6845e-06 
0.8602 -1.64692e-06 
0.8711 -1.61042e-06 
0.882 -1.57496e-06 
0.8929 -1.54049e-06 
0.9038 -1.50698e-06 
0.9147 -1.47439e-06 
0.9256 -1.4427e-06 
0.9365 -1.41185e-06 
0.9474 -1.38183e-06 
0.9583 -1.35261e-06 
0.9692 -1.32415e-06 
0.9801 -1.29642e-06 
0.991 -1.26941e-06 
1.0019 -1.24308e-06 
1.0128 -1.21741e-06 
1.0237 -1.19238e-06 
1.0346 -1.16796e-06 
1.0455 -1.14413e-06 
1.0564 -1.12086e-06 
1.0673 -1.09814e-06 
1.0782 -1.07594e-06 
1.0891 -1.05424e-06 
1.1 -1.03302e-06 
1.1109 -1.01224e-06 
1.1218 -9.91875e-07 
1.1327 -9.71933e-07 
1.1436 -9.52442e-07 
1.1545 -9.33425e-07 
1.1654 -9.14888e-07 
1.1763 -8.96824e-07 
1.1872 -8.79223e-07 
1.1981 -8.62073e-07 
1.209 -8.45358e-07 
1.2199 -8.29067e-07 
1.2308 -8.13185e-07 
1.2417 -7.977e-07 
1.2526 -7.82597e-07 
1.2635 -7.67865e-07 
1.2744 -7.53491e-07 
1.2853 -7.39464e-07 
1.2962 -7.25772e-07 
1.3071 -7.12404e-07 
1.318 -6.9935e-07 
1.3289 -6.86599e-07 
1.3398 -6.74143e-07 
1.3507 -6.6197e-07 
1.3616 -6.50073e-07 
1.3725 -6.38443e-07 
1.3834 -6.27071e-07 
1.3943 -6.15949e-07 
1.4052 -6.05071e-07 
1.4161 -5.94427e-07 
1.427 -5.84011e-07 
1.4379 -5.73816e-07 
1.4488 -5.63836e-07 
1.4597 -5.54064e-07 
1.4706 -5.44494e-07 
1.4815 -5.3512e-07 
1.4924 -5.25936e-07 
1.5033 -5.16937e-07 
1.5142 -5.08117e-07 
1.5251 -4.99471e-07 
1.536 -4.90995e-07 
1.5469 -4.82683e-07 
1.5578 -4.7453e-07 
1.5687 -4.66533e-07 
1.5796 -4.58687e-07 
1.5905 -4.50986e-07 
1.6014 -4.43429e-07 
1.6123 -4.36009e-07 
1.6232 -4.28724e-07 
1.6341 -4.21569e-07 
1.645 -4.14541e-07 
1.6559 -4.07635e-07 
1.6668 -4.00849e-07 
1.6777 -3.94177e-07 
1.6886 -3.87618e-07 
1.6995 -3.81165e-07 
1.7104 -3.74816e-07 
1.7213 -3.68566e-07 
1.7322 -3.62414e-07 
1.7431 -3.56364e-07 
1.754 -3.50425e-07 
1.7649 -3.44599e-07 
1.7758 -3.38885e-07 
1.7867 -3.33281e-07 
1.7976 -3.27784e-07 
1.8085 -3.22392e-07 
1.8194 -3.171e-07 
1.8303 -3.11906e-07 
1.8412 -3.06808e-07 
1.8521 -3.01802e-07 
1.863 -2.96884e-07 
1.8739 -2.92054e-07 
1.8848 -2.87307e-07 
1.8957 -2.82641e-07 
1.9066 -2.78054e-07 
1.9175 -2.73543e-07 
1.9284 -2.69105e-07 
1.9393 -2.64738e-07 
1.9502 -2.60441e-07 
1.9611 -2.5621e-07 
1.972 -2.52043e-07 
1.9829 -2.47939e-07 
1.9938 -2.43894e-07 
2.0047 -2.39907e-07 
2.0156 -2.35976e-07 
2.0265 -2.32099e-07 
2.0374 -2.28274e-07 
2.0483 -2.24498e-07 
2.0592 -2.2077e-07 
2.0701 -2.17088e-07 
2.081 -2.1345e-07 
2.0919 -2.09855e-07 
2.1028 -2.06299e-07 
2.1137 -2.02782e-07 
2.1246 -1.993e-07 
2.1355 -1.95854e-07 
2.1464 -1.9244e-07 
2.1573 -1.89057e-07 
2.1682 -1.85703e-07 
2.1791 -1.82376e-07 
2.19 -1.79073e-07 
2.2009 -1.75794e-07 
2.2118 -1.72536e-07 
2.2227 -1.69297e-07 
2.2336 -1.66075e-07 
2.2445 -1.62868e-07 
2.2554 -1.59674e-07 
2.2663 -1.5649e-07 
2.2772 -1.53315e-07 
2.2881 -1.50146e-07 
2.299 -1.46979e-07 
2.3099 -1.43814e-07 
2.3208 -1.40647e-07 
2.3317 -1.37476e-07 
2.3426 -1.34297e-07 
2.3535 -1.31107e-07 
2.3644 -1.27904e-07 
2.3753 -1.24683e-07 
2.3862 -1.21441e-07 
2.3971 -1.18174e-07 
2.408 -1.14878e-07 
2.4189 -1.11547e-07 
2.4298 -1.08177e-07 
2.4407 -1.04763e-07 
2.4516 -1.01297e-07 
2.4625 -9.77743e-08 
2.4734 -9.41861e-08 
2.4843 -9.05242e-08 
2.4952 -8.67789e-08 
2.5061 -8.29392e-08 
2.517 -7.89922e-08 
2.5279 -7.49229e-08 
2.5388 -7.07135e-08 
2.5497 -6.63422e-08 
2.5606 -6.17826e-08 
2.5715 -5.70012e-08 
2.5824 -5.19554e-08 
2.5933 -4.65895e-08 
2.6042 -4.0831e-08 
2.6151 -3.45921e-08 
2.626 -2.78154e-08 
2.6369 -2.07835e-08 
2.6478 -1.5055e-08 
2.6587 -1.19995e-08 
2.6696 -1.05392e-08 
2.6805 -9.72208e-09 
2.6914 -9.18263e-09 
2.7023 -8.77931e-09 
2.7132 -8.45028e-09 
2.7241 -8.16533e-09 
2.735 -7.90852e-09 
2.7459 -7.67081e-09 
2.7568 -7.44685e-09 
2.7677 -7.23335e-09 
2.7786 -7.02818e-09 
2.7895 -6.82996e-09 
2.8004 -6.63778e-09 
2.8113 -6.451e-09 
2.8222 -6.26915e-09 
2.8331 -6.09191e-09 
2.844 -5.91907e-09 
2.8549 -5.75041e-09 
2.8658 -5.58578e-09 
2.8767 -5.42512e-09 
2.8876 -5.26827e-09 
2.8985 -5.11518e-09 
2.9094 -4.96574e-09 
2.9203 -4.8199e-09 
2.9312 -4.67757e-09 
2.9421 -4.53872e-09 
2.953 -4.40325e-09 
2.9639 -4.27111e-09 
2.9748 -4.14225e-09 
2.9857 -4.01659e-09 
2.9966 -3.89408e-09 
3.0075 -3.77466e-09 
3.0184 -3.65827e-09 
3.0293 -3.54485e-09 
3.0402 -3.43433e-09 
3.0511 -3.32667e-09 
3.062 -3.2218e-09 
3.0729 -3.11967e-09 
3.0838 -3.02023e-09 
3.0947 -2.9234e-09 
3.1056 -2.82914e-09 
3.1165 -2.7374e-09 
3.1274 -2.64812e-09 
3.1383 -2.56124e-09 
3.1492 -2.47673e-09 
3.1601 -2.39451e-09 
3.171 -2.31455e-09 
3.1819 -2.23679e-09 
3.1928 -2.16119e-09 
3.2037 -2.0877e-09 
3.2146 -2.01626e-09 
3.2255 -1.94685e-09 
3.2364 -1.8794e-09 
3.2473 -1.81388e-09 
3.2582 -1.75025e-09 
3.2691 -1.68846e-09 
3.28 -1.62846e-09 
3.2909 -1.57023e-09 
3.3018 -1.51372e-09 
3.3127 -1.45891e-09 
3.3236 -1.40573e-09 
3.3345 -1.35417e-09 
3.3454 -1.30419e-09 
3.3563 -1.25575e-09 
3.3672 -1.20883e-09 
3.3781 -1.16339e-09 
3.389 -1.11939e-09 
3.3999 -1.07683e-09 
3.4108 -1.03565e-09 
3.4217 -9.95848e-10 
3.4326 -9.5739e-10 
3.4435 -9.20255e-10 
3.4544 -8.84417e-10 
3.4653 -8.49864e-10 
3.4762 -8.16579e-10 
3.4871 -7.84554e-10 
3.498 -7.53771e-10 
3.5089 -7.24231e-10 
3.5198 -6.95948e-10 
3.5307 -6.68928e-10 
3.5416 -6.43204e-10 
3.5525 -6.18805e-10 
3.5634 -5.95648e-10 
3.5743 -5.73506e-10 
3.5852 -5.5218e-10 
3.5961 -5.31566e-10 
3.607 -5.11611e-10 
3.6179 -4.92277e-10 
3.6288 -4.73529e-10 
3.6397 -4.55352e-10 
3.6506 -4.37724e-10 
3.6615 -4.20628e-10 
3.6724 -4.04048e-10 
3.6833 -3.8797e-10 
3.6942 -3.72379e-10 
3.7051 -3.57265e-10 
3.716 -3.42614e-10 
3.7269 -3.28414e-10 
3.7378 -3.14654e-10 
3.7487 -3.01326e-10 
3.7596 -2.88415e-10 
3.7705 -2.75915e-10 
3.7814 -2.63816e-10 
3.7923 -2.52107e-10 
3.8032 -2.4078e-10 
3.8141 -2.29827e-10 
3.825 -2.19239e-10 
3.8359 -2.09007e-10 
3.8468 -1.99126e-10 
3.8577 -1.89586e-10 
3.8686 -1.8038e-10 
3.8795 -1.71503e-10 
3.8904 -1.62946e-10 
3.9013 -1.54704e-10 
3.9122 -1.4677e-10 
3.9231 -1.39139e-10 
3.934 -1.31804e-10 
3.9449 -1.24762e-10 
3.9558 -1.18006e-10 
3.9667 -1.11532e-10 
3.9776 -1.05335e-10 
3.9885 -9.94105e-11 
3.9994 -9.37563e-11 
4.0103 -8.83684e-11 
4.0212 -8.32438e-11 
4.0321 -7.83799e-11 
4.043 -7.37753e-11 
4.0539 -6.94285e-11 
4.0648 -6.53396e-11 
4.0757 -6.15089e-11 
4.0866 -5.79382e-11 
4.0975 -5.4631e-11 
4.1084 -5.15928e-11 
4.1193 -4.88322e-11 
4.1302 -4.63612e-11 
4.1411 -4.41982e-11 
4.152 -4.23669e-11 
4.1629 -4.08811e-11 
4.1738 -3.96892e-11 
4.1847 -3.86809e-11 
4.1956 -3.77794e-11 
4.2065 -3.69484e-11 
4.2174 -3.61687e-11 
4.2283 -3.54297e-11 
4.2392 -3.47241e-11 
4.2501 -3.40475e-11 
4.261 -3.33963e-11 
4.2719 -3.27678e-11 
4.2828 -3.21599e-11 
4.2937 -3.15712e-11 
4.3046 -3.09999e-11 
4.3155 -3.04452e-11 
4.3264 -2.99061e-11 
4.3373 -2.93815e-11 
4.3482 -2.88707e-11 
4.3591 -2.83732e-11 
4.37 -2.78881e-11 
4.3809 -2.74151e-11 
4.3918 -2.69534e-11 
4.4027 -2.65028e-11 
4.4136 -2.60629e-11 
4.4245 -2.56331e-11 
4.4354 -2.52131e-11 
4.4463 -2.48027e-11 
4.4572 -2.44014e-11 
4.4681 -2.4009e-11 
4.479 -2.36251e-11 
4.4899 -2.32495e-11 
4.5008 -2.28819e-11 
4.5117 -2.25222e-11 
4.5226 -2.21699e-11 
4.5335 -2.1825e-11 
4.5444 -2.14873e-11 
4.5553 -2.11565e-11 
4.5662 -2.08324e-11 
4.5771 -2.05149e-11 
4.588 -2.02037e-11 
4.5989 -1.98987e-11 
4.6098 -1.95998e-11 
4.6207 -1.93067e-11 
4.6316 -1.90194e-11 
4.6425 -1.87376e-11 
4.6534 -1.84613e-11 
4.6643 -1.81903e-11 
4.6752 -1.79245e-11 
4.6861 -1.76636e-11 
4.697 -1.74078e-11 
4.7079 -1.71567e-11 
4.7188 -1.69103e-11 
4.7297 -1.66684e-11 
4.7406 -1.64311e-11 
4.7515 -1.61981e-11 
4.7624 -1.59694e-11 
4.7733 -1.57448e-11 
4.7842 -1.55243e-11 
4.7951 -1.53078e-11 
4.806 -1.50951e-11 
4.8169 -1.48863e-11 
4.8278 -1.46811e-11 
4.8387 -1.44796e-11 
4.8496 -1.42817e-11 
4.8605 -1.40872e-11 
4.8714 -1.38961e-11 
4.8823 -1.37084e-11 
4.8932 -1.35239e-11 
4.9041 -1.33426e-11 
4.915 -1.31643e-11 
4.9259 -1.29892e-11 
4.9368 -1.2817e-11 
4.9477 -1.26478e-11 
4.9586 -1.24814e-11 
4.9695 -1.23179e-11 
4.9804 -1.2157e-11 
4.9913 -1.19989e-11 
5.0022 -1.18434e-11 
5.0131 -1.16904e-11 
5.024 -1.154e-11 
5.0349 -1.13921e-11 
5.0458 -1.12465e-11 
5.0567 -1.11034e-11 
5.0676 -1.09626e-11 
5.0785 -1.08241e-11 
5.0894 -1.06879e-11 
5.1003 -1.05538e-11 
5.1112 -1.04218e-11 
5.1221 -1.02921e-11 
5.133 -1.01643e-11 
5.1439 -1.00386e-11 
5.1548 -9.91485e-12 
5.1657 -9.79311e-12 
5.1766 -9.67327e-12 
5.1875 -9.5553e-12 
5.1984 -9.43917e-12 
5.2093 -9.32484e-12 
5.2202 -9.21229e-12 
5.2311 -9.10149e-12 
5.242 -8.9924e-12 
5.2529 -8.88497e-12 
5.2638 -8.77918e-12 
5.2747 -8.67503e-12 
5.2856 -8.57246e-12 
5.2965 -8.4714e-12 
5.3074 -8.37197e-12 
5.3183 -8.27395e-12 
5.3292 -8.17741e-12 
5.3401 -8.08235e-12 
5.351 -7.98874e-12 
5.3619 -7.89648e-12 
5.3728 -7.8056e-12 
5.3837 -7.71604e-12 
5.3946 -7.62781e-12 
5.4055 -7.54091e-12 
5.4164 -7.45524e-12 
5.4273 -7.37088e-12 
5.4382 -7.28771e-12 
5.4491 -7.20577e-12 
5.46 -7.125e-12 
5.4709 -7.04539e-12 
5.4818 -6.96693e-12 
5.4927 -6.8896e-12 
5.5036 -6.81338e-12 
5.5145 -6.73825e-12 
5.5254 -6.66418e-12 
5.5363 -6.5912e-12 
5.5472 -6.51923e-12 
5.5581 -6.44827e-12 
5.569 -6.37832e-12 
5.5799 -6.30934e-12 
5.5908 -6.2413e-12 
5.6017 -6.17425e-12 
5.6126 -6.10813e-12 
5.6235 -6.04294e-12 
5.6344 -5.97862e-12 
5.6453 -5.91518e-12 
5.6562 -5.85264e-12 
5.6671 -5.79094e-12 
5.678 -5.73011e-12 
5.6889 -5.6701e-12 
5.6998 -5.61093e-12 
5.7107 -5.55251e-12 
5.7216 -5.49492e-12 
5.7325 -5.43809e-12 
5.7434 -5.38202e-12 
5.7543 -5.32675e-12 
5.7652 -5.27219e-12 
5.7761 -5.21834e-12 
5.787 -5.16524e-12 
5.7979 -5.1128e-12 
5.8088 -5.06109e-12 
5.8197 -5.01006e-12 
5.8306 -4.9597e-12 
5.8415 -4.91001e-12 
5.8524 -4.86096e-12 
5.8633 -4.81256e-12 
5.8742 -4.76479e-12 
5.8851 -4.71763e-12 
5.896 -4.6711e-12 
5.9069 -4.62516e-12 
5.9178 -4.57981e-12 
5.9287 -4.53507e-12 
5.9396 -4.49088e-12 
5.9505 -4.44725e-12 
5.9614 -4.4042e-12 
5.9723 -4.3617e-12 
5.9832 -4.31972e-12 
5.9941 -4.27828e-12 
6.005 -4.23737e-12 
6.0159 -4.19698e-12 
6.0268 -4.15709e-12 
6.0377 -4.11769e-12 
6.0486 -4.07879e-12 
6.0595 -4.0404e-12 
6.0704 -4.00246e-12 
6.0813 -3.965e-12 
6.0922 -3.92801e-12 
6.1031 -3.89147e-12 
6.114 -3.85537e-12 
6.1249 -3.81974e-12 
6.1358 -3.78454e-12 
6.1467 -3.74975e-12 
6.1576 -3.71542e-12 
6.1685 -3.68149e-12 
6.1794 -3.64796e-12 
6.1903 -3.61486e-12 
6.2012 -3.58215e-12 
6.2121 -3.54983e-12 
6.223 -3.51789e-12 
6.2339 -3.48636e-12 
6.2448 -3.45519e-12 
6.2557 -3.4244e-12 
6.2666 -3.39397e-12 
6.2775 -3.36391e-12 
6.2884 -3.3342e-12 
6.2993 -3.30485e-12 
6.3102 -3.27584e-12 
6.3211 -3.24717e-12 
6.332 -3.21884e-12 
6.3429 -3.19085e-12 
6.3538 -3.16316e-12 
6.3647 -3.13582e-12 
6.3756 -3.10878e-12 
6.3865 -3.08208e-12 
6.3974 -3.05567e-12 
6.4083 -3.02957e-12 
6.4192 -3.00377e-12 
6.4301 -2.97826e-12 
6.441 -2.95305e-12 
6.4519 -2.92813e-12 
6.4628 -2.9035e-12 
6.4737 -2.87914e-12 
6.4846 -2.85506e-12 
6.4955 -2.83125e-12 
6.5064 -2.80773e-12 
6.5173 -2.78444e-12 
6.5282 -2.76143e-12 
6.5391 -2.73869e-12 
6.55 -2.7162e-12 
6.5609 -2.69395e-12 
6.5718 -2.67196e-12 
6.5827 -2.6502e-12 
6.5936 -2.6287e-12 
6.6045 -2.60743e-12 
6.6154 -2.58639e-12 
6.6263 -2.56558e-12 
6.6372 -2.54501e-12 
6.6481 -2.52466e-12 
6.659 -2.50454e-12 
6.6699 -2.48463e-12 
6.6808 -2.46495e-12 
6.6917 -2.44548e-12 
6.7026 -2.4262e-12 
6.7135 -2.40715e-12 
6.7244 -2.38831e-12 
6.7353 -2.36967e-12 
6.7462 -2.35122e-12 
6.7571 -2.33298e-12 
6.768 -2.31493e-12 
6.7789 -2.29707e-12 
6.7898 -2.2794e-12 
6.8007 -2.26192e-12 
6.8116 -2.24463e-12 
6.8225 -2.22751e-12 
6.8334 -2.21059e-12 
6.8443 -2.19384e-12 
6.8552 -2.17726e-12 
6.8661 -2.16086e-12 
6.877 -2.14464e-12 
6.8879 -2.12857e-12 
6.8988 -2.11268e-12 
6.9097 -2.09696e-12 
6.9206 -2.08139e-12 
6.9315 -2.06599e-12 
6.9424 -2.05074e-12 
6.9533 -2.03567e-12 
6.9642 -2.02073e-12 
6.9751 -2.00596e-12 
6.986 -1.99133e-12 
6.9969 -1.97686e-12 
7.0078 -1.96252e-12 
7.0187 -1.94834e-12 
7.0296 -1.9343e-12 
7.0405 -1.92041e-12 
7.0514 -1.90665e-12 
7.0623 -1.89303e-12 
7.0732 -1.87955e-12 
7.0841 -1.86621e-12 
7.095 -1.853e-12 
7.1059 -1.83992e-12 
7.1168 -1.82697e-12 
7.1277 -1.81415e-12 
7.1386 -1.80146e-12 
7.1495 -1.7889e-12 
7.1604 -1.77645e-12 
7.1713 -1.76414e-12 
7.1822 -1.75194e-12 
7.1931 -1.73986e-12 
7.204 -1.7279e-12 
7.2149 -1.71606e-12 
7.2258 -1.70433e-12 
7.2367 -1.69272e-12 
7.2476 -1.68122e-12 
7.2585 -1.66983e-12 
7.2694 -1.65855e-12 
7.2803 -1.64738e-12 
7.2912 -1.63632e-12 
7.3021 -1.62537e-12 
7.313 -1.61452e-12 
7.3239 -1.60377e-12 
7.3348 -1.59313e-12 
7.3457 -1.58259e-12 
7.3566 -1.57215e-12 
7.3675 -1.5618e-12 
7.3784 -1.55156e-12 
7.3893 -1.54141e-12 
7.4002 -1.53136e-12 
7.4111 -1.5214e-12 
7.422 -1.51154e-12 
7.4329 -1.50177e-12 
7.4438 -1.49209e-12 
7.4547 -1.4825e-12 
7.4656 -1.473e-12 
7.4765 -1.46359e-12 
7.4874 -1.45426e-12 
7.4983 -1.44502e-12 
7.5092 -1.43587e-12 
7.5201 -1.4268e-12 
7.531 -1.41782e-12 
7.5419 -1.40892e-12 
7.5528 -1.40009e-12 
7.5637 -1.39135e-12 
7.5746 -1.38269e-12 
7.5855 -1.37411e-12 
7.5964 -1.3656e-12 
7.6073 -1.35718e-12 
7.6182 -1.34883e-12 
7.6291 -1.34055e-12 
7.64 -1.33235e-12 
7.6509 -1.32422e-12 
7.6618 -1.31617e-12 
7.6727 -1.30819e-12 
7.6836 -1.30027e-12 
7.6945 -1.29243e-12 
7.7054 -1.28466e-12 
7.7163 -1.27696e-12 
7.7272 -1.26933e-12 
7.7381 -1.26176e-12 
7.749 -1.25426e-12 
7.7599 -1.24683e-12 
7.7708 -1.23946e-12 
7.7817 -1.23215e-12 
7.7926 -1.22491e-12 
7.8035 -1.21773e-12 
7.8144 -1.21062e-12 
7.8253 -1.20357e-12 
7.8362 -1.19658e-12 
7.8471 -1.18965e-12 
7.858 -1.18277e-12 
7.8689 -1.17596e-12 
7.8798 -1.16921e-12 
7.8907 -1.16251e-12 
7.9016 -1.15587e-12 
7.9125 -1.14929e-12 
7.9234 -1.14277e-12 
7.9343 -1.1363e-12 
7.9452 -1.12988e-12 
7.9561 -1.12352e-12 
7.967 -1.11721e-12 
7.9779 -1.11096e-12 
7.9888 -1.10476e-12 
7.9997 -1.09861e-12 
8.0106 -1.09251e-12 
8.0215 -1.08646e-12 
8.0324 -1.08047e-12 
8.0433 -1.07452e-12 
8.0542 -1.06862e-12 
8.0651 -1.06278e-12 
8.076 -1.05698e-12 
8.0869 -1.05123e-12 
8.0978 -1.04552e-12 
8.1087 -1.03986e-12 
8.1196 -1.03425e-12 
8.1305 -1.02869e-12 
8.1414 -1.02317e-12 
8.1523 -1.0177e-12 
8.1632 -1.01227e-12 
8.1741 -1.00688e-12 
8.185 -1.00154e-12 
8.1959 -9.96241e-13 
8.2068 -9.90985e-13 
8.2177 -9.85772e-13 
8.2286 -9.80601e-13 
8.2395 -9.7547e-13 
8.2504 -9.70381e-13 
8.2613 -9.65334e-13 
8.2722 -9.60326e-13 
8.2831 -9.55358e-13 
8.294 -9.50429e-13 
8.3049 -9.45539e-13 
8.3158 -9.40689e-13 
8.3267 -9.35877e-13 
8.3376 -9.31102e-13 
8.3485 -9.26365e-13 
8.3594 -9.21665e-13 
8.3703 -9.17002e-13 
8.3812 -9.12375e-13 
8.3921 -9.07785e-13 
8.403 -9.0323e-13 
8.4139 -8.98711e-13 
8.4248 -8.94227e-13 
8.4357 -8.89777e-13 
8.4466 -8.85361e-13 
8.4575 -8.8098e-13 
8.4684 -8.76633e-13 
8.4793 -8.72318e-13 
8.4902 -8.68037e-13 
8.5011 -8.63788e-13 
8.512 -8.59572e-13 
8.5229 -8.55389e-13 
8.5338 -8.51236e-13 
8.5447 -8.47115e-13 
8.5556 -8.43026e-13 
8.5665 -8.38967e-13 
8.5774 -8.34939e-13 
8.5883 -8.30941e-13 
8.5992 -8.26973e-13 
8.6101 -8.23034e-13 
8.621 -8.19126e-13 
8.6319 -8.15246e-13 
8.6428 -8.11396e-13 
8.6537 -8.07573e-13 
8.6646 -8.0378e-13 
8.6755 -8.00014e-13 
8.6864 -7.96276e-13 
8.6973 -7.92565e-13 
8.7082 -7.88883e-13 
8.7191 -7.85225e-13 
8.73 -7.81596e-13 
8.7409 -7.77993e-13 
8.7518 -7.74417e-13 
8.7627 -7.70866e-13 
8.7736 -7.67341e-13 
8.7845 -7.63842e-13 
8.7954 -7.60369e-13 
8.8063 -7.5692e-13 
8.8172 -7.53495e-13 
8.8281 -7.50096e-13 
8.839 -7.46721e-13 
8.8499 -7.4337e-13 
8.8608 -7.40043e-13 
8.8717 -7.3674e-13 
8.8826 -7.33461e-13 
8.8935 -7.30203e-13 
8.9044 -7.2697e-13 
8.9153 -7.2376e-13 
8.9262 -7.20572e-13 
8.9371 -7.17406e-13 
8.948 -7.14263e-13 
8.9589 -7.11143e-13 
8.9698 -7.08044e-13 
8.9807 -7.04966e-13 
8.9916 -7.01909e-13 
9.0025 -6.98875e-13 
9.0134 -6.95861e-13 
9.0243 -6.92868e-13 
9.0352 -6.89896e-13 
9.0461 -6.86944e-13 
9.057 -6.84013e-13 
9.0679 -6.81102e-13 
9.0788 -6.7821e-13 
9.0897 -6.7534e-13 
9.1006 -6.72488e-13 
9.1115 -6.69656e-13 
9.1224 -6.66842e-13 
9.1333 -6.64049e-13 
9.1442 -6.61274e-13 
9.1551 -6.58517e-13 
9.166 -6.55779e-13 
9.1769 -6.53061e-13 
9.1878 -6.5036e-13 
9.1987 -6.47677e-13 
9.2096 -6.45012e-13 
9.2205 -6.42365e-13 
9.2314 -6.39736e-13 
9.2423 -6.37124e-13 
9.2532 -6.3453e-13 
9.2641 -6.31953e-13 
9.275 -6.29393e-13 
9.2859 -6.26849e-13 
9.2968 -6.24323e-13 
9.3077 -6.21813e-13 
9.3186 -6.1932e-13 
9.3295 -6.16842e-13 
9.3404 -6.14382e-13 
9.3513 -6.11937e-13 
9.3622 -6.09508e-13 
9.3731 -6.07095e-13 
9.384 -6.04697e-13 
9.3949 -6.02316e-13 
9.4058 -5.9995e-13 
9.4167 -5.97598e-13 
9.4276 -5.95262e-13 
9.4385 -5.92941e-13 
9.4494 -5.90635e-13 
9.4603 -5.88344e-13 
9.4712 -5.86066e-13 
9.4821 -5.83804e-13 
9.493 -5.81557e-13 
9.5039 -5.79323e-13 
9.5148 -5.77103e-13 
9.5257 -5.74897e-13 
9.5366 -5.72706e-13 
9.5475 -5.70529e-13 
9.5584 -5.68364e-13 
9.5693 -5.66213e-13 
9.5802 -5.64077e-13 
9.5911 -5.61953e-13 
9.602 -5.59843e-13 
9.6129 -5.57745e-13 
9.6238 -5.55661e-13 
9.6347 -5.5359e-13 
9.6456 -5.51531e-13 
9.6565 -5.49485e-13 
9.6674 -5.47451e-13 
9.6783 -5.45431e-13 
9.6892 -5.43422e-13 
9.7001 -5.41426e-13 
9.711 -5.39443e-13 
9.7219 -5.37471e-13 
9.7328 -5.3551e-13 
9.7437 -5.33563e-13 
9.7546 -5.31627e-13 
9.7655 -5.29702e-13 
9.7764 -5.2779e-13 
9.7873 -5.25889e-13 
9.7982 -5.23999e-13 
9.8091 -5.2212e-13 
9.82 -5.20253e-13 
9.8309 -5.18397e-13 
9.8418 -5.16552e-13 
9.8527 -5.14719e-13 
9.8636 -5.12895e-13 
9.8745 -5.11083e-13 
9.8854 -5.09282e-13 
9.8963 -5.07491e-13 
9.9072 -5.05711e-13 
9.9181 -5.03941e-13 
9.929 -5.02182e-13 
9.9399 -5.00432e-13 
9.9508 -4.98694e-13 
9.9617 -4.96965e-13 
9.9726 -4.95246e-13 
9.9835 -4.93538e-13 
9.9944 -4.91839e-13 
10.0053 -4.9015e-13 
10.0162 -4.88471e-13 
10.0271 -4.86802e-13 
10.038 -4.85143e-13 
10.0489 -4.83492e-13 
10.0598 -4.81851e-13 
10.0707 -4.8022e-13 
10.0816 -4.78598e-13 
10.0925 -4.76986e-13 
10.1034 -4.75381e-13 
10.1143 -4.73787e-13 
10.1252 -4.72202e-13 
10.1361 -4.70626e-13 
10.147 -4.69058e-13 
10.1579 -4.67499e-13 
10.1688 -4.65949e-13 
10.1797 -4.64408e-13 
10.1906 -4.62875e-13 
10.2015 -4.61352e-13 
10.2124 -4.59836e-13 
10.2233 -4.58329e-13 
10.2342 -4.5683e-13 
10.2451 -4.5534e-13 
10.256 -4.53858e-13 
10.2669 -4.52384e-13 
10.2778 -4.50918e-13 
10.2887 -4.49461e-13 
10.2996 -4.48011e-13 
10.3105 -4.4657e-13 
10.3214 -4.45136e-13 
10.3323 -4.4371e-13 
10.3432 -4.42292e-13 
10.3541 -4.40881e-13 
10.365 -4.39478e-13 
10.3759 -4.38083e-13 
10.3868 -4.36696e-13 
10.3977 -4.35315e-13 
10.4086 -4.33943e-13 
10.4195 -4.32577e-13 
10.4304 -4.31219e-13 
10.4413 -4.29869e-13 
10.4522 -4.28525e-13 
10.4631 -4.27189e-13 
10.474 -4.2586e-13 
10.4849 -4.24538e-13 
10.4958 -4.23223e-13 
10.5067 -4.21915e-13 
10.5176 -4.20614e-13 
10.5285 -4.1932e-13 
10.5394 -4.18032e-13 
10.5503 -4.16751e-13 
10.5612 -4.15477e-13 
10.5721 -4.1421e-13 
10.583 -4.12949e-13 
10.5939 -4.11695e-13 
10.6048 -4.10448e-13 
10.6157 -4.09207e-13 
10.6266 -4.07972e-13 
10.6375 -4.06744e-13 
10.6484 -4.05522e-13 
10.6593 -4.04307e-13 
10.6702 -4.03097e-13 
10.6811 -4.01894e-13 
10.692 -4.00697e-13 
10.7029 -3.99507e-13 
10.7138 -3.98322e-13 
10.7247 -3.97144e-13 
10.7356 -3.95971e-13 
10.7465 -3.94804e-13 
10.7574 -3.93643e-13 
10.7683 -3.92489e-13 
10.7792 -3.91339e-13 
10.7901 -3.90196e-13 
10.801 -3.89059e-13 
10.8119 -3.87927e-13 
10.8228 -3.86801e-13 
10.8337 -3.8568e-13 
10.8446 -3.84565e-13 
10.8555 -3.83456e-13 
10.8664 -3.82353e-13 
10.8773 -3.81254e-13 
10.8882 -3.80162e-13 
10.8991 -3.79074e-13 
10.91 -3.77992e-13 
10.9209 -3.76915e-13 
10.9318 -3.75844e-13 
10.9427 -3.74778e-13 
10.9536 -3.73717e-13 
10.9645 -3.72661e-13 
10.9754 -3.7161e-13 
10.9863 -3.70565e-13 
10.9972 -3.69525e-13 
11.0081 -3.6849e-13 
11.019 -3.67459e-13 
11.0299 -3.66434e-13 
11.0408 -3.65414e-13 
11.0517 -3.64398e-13 
11.0626 -3.63388e-13 
11.0735 -3.62382e-13 
11.0844 -3.61381e-13 
11.0953 -3.60385e-13 
11.1062 -3.59394e-13 
11.1171 -3.58407e-13 
11.128 -3.57425e-13 
11.1389 -3.56448e-13 
11.1498 -3.55476e-13 
11.1607 -3.54508e-13 
11.1716 -3.53544e-13 
11.1825 -3.52585e-13 
11.1934 -3.51631e-13 
11.2043 -3.50681e-13 
11.2152 -3.49736e-13 
11.2261 -3.48795e-13 
11.237 -3.47858e-13 
11.2479 -3.46926e-13 
11.2588 -3.45998e-13 
11.2697 -3.45075e-13 
11.2806 -3.44156e-13 
11.2915 -3.4324e-13 
11.3024 -3.4233e-13 
11.3133 -3.41423e-13 
11.3242 -3.40521e-13 
11.3351 -3.39622e-13 
11.346 -3.38728e-13 
11.3569 -3.37838e-13 
11.3678 -3.36952e-13 
11.3787 -3.3607e-13 
11.3896 -3.35192e-13 
11.4005 -3.34319e-13 
11.4114 -3.33449e-13 
11.4223 -3.32583e-13 
11.4332 -3.31721e-13 
11.4441 -3.30862e-13 
11.455 -3.30008e-13 
11.4659 -3.29158e-13 
11.4768 -3.28311e-13 
11.4877 -3.27468e-13 
11.4986 -3.26629e-13 
11.5095 -3.25794e-13 
11.5204 -3.24962e-13 
11.5313 -3.24134e-13 
11.5422 -3.2331e-13 
11.5531 -3.22489e-13 
11.564 -3.21672e-13 
11.5749 -3.20859e-13 
11.5858 -3.20049e-13 
11.5967 -3.19243e-13 
11.6076 -3.1844e-13 
11.6185 -3.17641e-13 
11.6294 -3.16845e-13 
11.6403 -3.16053e-13 
11.6512 -3.15264e-13 
11.6621 -3.14479e-13 
11.673 -3.13697e-13 
11.6839 -3.12919e-13 
11.6948 -3.12143e-13 
11.7057 -3.11372e-13 
11.7166 -3.10603e-13 
11.7275 -3.09838e-13 
11.7384 -3.09076e-13 
11.7493 -3.08318e-13 
11.7602 -3.07562e-13 
11.7711 -3.0681e-13 
11.782 -3.06061e-13 
11.7929 -3.05316e-13 
11.8038 -3.04573e-13 
11.8147 -3.03834e-13 
11.8256 -3.03098e-13 
11.8365 -3.02364e-13 
11.8474 -3.01634e-13 
11.8583 -3.00907e-13 
11.8692 -3.00184e-13 
11.8801 -2.99463e-13 
11.891 -2.98745e-13 
11.9019 -2.9803e-13 
11.9128 -2.97318e-13 
11.9237 -2.96609e-13 
11.9346 -2.95904e-13 
11.9455 -2.95201e-13 
11.9564 -2.945e-13 
11.9673 -2.93803e-13 
11.9782 -2.93109e-13 
11.9891 -2.92418e-13 
