0.01 -2.5861e-05 
0.0209 -2.43704e-05 
0.0318 -2.29755e-05 
0.0427 -2.16721e-05 
0.0536 -2.04554e-05 
0.0645 -1.93204e-05 
0.0754 -1.82622e-05 
0.0863 -1.72756e-05 
0.0972 -1.63557e-05 
0.1081 -1.54978e-05 
0.119 -1.46974e-05 
0.1299 -1.39503e-05 
0.1408 -1.32524e-05 
0.1517 -1.26002e-05 
0.1626 -1.19901e-05 
0.1735 -1.1419e-05 
0.1844 -1.0884e-05 
0.1953 -1.03824e-05 
0.2062 -9.91159e-06 
0.2171 -9.46941e-06 
0.228 -9.05369e-06 
0.2389 -8.66252e-06 
0.2498 -8.29413e-06 
0.2607 -7.94685e-06 
0.2716 -7.61921e-06 
0.2825 -7.3098e-06 
0.2934 -7.01738e-06 
0.3043 -6.74074e-06 
0.3152 -6.47884e-06 
0.3261 -6.23066e-06 
0.337 -5.99529e-06 
0.3479 -5.77186e-06 
0.3588 -5.55963e-06 
0.3697 -5.35783e-06 
0.3806 -5.16581e-06 
0.3915 -4.98292e-06 
0.4024 -4.80861e-06 
0.4133 -4.6423e-06 
0.4242 -4.4835e-06 
0.4351 -4.33171e-06 
0.446 -4.18647e-06 
0.4569 -4.04735e-06 
0.4678 -3.91388e-06 
0.4787 -3.78561e-06 
0.4896 -3.66203e-06 
0.5005 -3.54273e-06 
0.5114 -3.42773e-06 
0.5223 -3.31734e-06 
0.5332 -3.21166e-06 
0.5441 -3.11065e-06 
0.555 -3.01414e-06 
0.5659 -2.92195e-06 
0.5768 -2.83384e-06 
0.5877 -2.74963e-06 
0.5986 -2.6691e-06 
0.6095 -2.59205e-06 
0.6204 -2.51829e-06 
0.6313 -2.44763e-06 
0.6422 -2.37992e-06 
0.6531 -2.31498e-06 
0.664 -2.25267e-06 
0.6749 -2.19285e-06 
0.6858 -2.13538e-06 
0.6967 -2.08014e-06 
0.7076 -2.02701e-06 
0.7185 -1.97588e-06 
0.7294 -1.92666e-06 
0.7403 -1.87924e-06 
0.7512 -1.83353e-06 
0.7621 -1.78946e-06 
0.773 -1.74693e-06 
0.7839 -1.70588e-06 
0.7948 -1.66623e-06 
0.8057 -1.62793e-06 
0.8166 -1.5909e-06 
0.8275 -1.55509e-06 
0.8384 -1.52045e-06 
0.8493 -1.48691e-06 
0.8602 -1.45444e-06 
0.8711 -1.42298e-06 
0.882 -1.3925e-06 
0.8929 -1.36295e-06 
0.9038 -1.33429e-06 
0.9147 -1.30648e-06 
0.9256 -1.27949e-06 
0.9365 -1.25328e-06 
0.9474 -1.22783e-06 
0.9583 -1.20311e-06 
0.9692 -1.17907e-06 
0.9801 -1.15571e-06 
0.991 -1.13299e-06 
1.0019 -1.11089e-06 
1.0128 -1.08938e-06 
1.0237 -1.06844e-06 
1.0346 -1.04806e-06 
1.0455 -1.02821e-06 
1.0564 -1.00887e-06 
1.0673 -9.90027e-07 
1.0782 -9.71659e-07 
1.0891 -9.53751e-07 
1.1 -9.36287e-07 
1.1109 -9.19253e-07 
1.1218 -9.02632e-07 
1.1327 -8.86413e-07 
1.1436 -8.7058e-07 
1.1545 -8.55123e-07 
1.1654 -8.40027e-07 
1.1763 -8.25283e-07 
1.1872 -8.10877e-07 
1.1981 -7.96801e-07 
1.209 -7.83043e-07 
1.2199 -7.69594e-07 
1.2308 -7.56443e-07 
1.2417 -7.43583e-07 
1.2526 -7.31003e-07 
1.2635 -7.18697e-07 
1.2744 -7.06656e-07 
1.2853 -6.9487e-07 
1.2962 -6.83335e-07 
1.3071 -6.72042e-07 
1.318 -6.60984e-07 
1.3289 -6.50155e-07 
1.3398 -6.39547e-07 
1.3507 -6.29156e-07 
1.3616 -6.18975e-07 
1.3725 -6.08997e-07 
1.3834 -5.99219e-07 
1.3943 -5.89633e-07 
1.4052 -5.80235e-07 
1.4161 -5.7102e-07 
1.427 -5.61984e-07 
1.4379 -5.5312e-07 
1.4488 -5.44426e-07 
1.4597 -5.35895e-07 
1.4706 -5.27525e-07 
1.4815 -5.1931e-07 
1.4924 -5.11248e-07 
1.5033 -5.03333e-07 
1.5142 -4.95563e-07 
1.5251 -4.87933e-07 
1.536 -4.8044e-07 
1.5469 -4.73081e-07 
1.5578 -4.65851e-07 
1.5687 -4.58748e-07 
1.5796 -4.51769e-07 
1.5905 -4.44909e-07 
1.6014 -4.38167e-07 
1.6123 -4.31539e-07 
1.6232 -4.25021e-07 
1.6341 -4.18611e-07 
1.645 -4.12306e-07 
1.6559 -4.06102e-07 
1.6668 -3.99996e-07 
1.6777 -3.93985e-07 
1.6886 -3.88066e-07 
1.6995 -3.82233e-07 
1.7104 -3.76486e-07 
1.7213 -3.7083e-07 
1.7322 -3.65274e-07 
1.7431 -3.59823e-07 
1.754 -3.54478e-07 
1.7649 -3.49236e-07 
1.7758 -3.44095e-07 
1.7867 -3.39053e-07 
1.7976 -3.34106e-07 
1.8085 -3.29251e-07 
1.8194 -3.24486e-07 
1.8303 -3.19808e-07 
1.8412 -3.15214e-07 
1.8521 -3.10702e-07 
1.863 -3.06268e-07 
1.8739 -3.0191e-07 
1.8848 -2.97626e-07 
1.8957 -2.93413e-07 
1.9066 -2.89268e-07 
1.9175 -2.8519e-07 
1.9284 -2.81175e-07 
1.9393 -2.77221e-07 
1.9502 -2.73327e-07 
1.9611 -2.69489e-07 
1.972 -2.65706e-07 
1.9829 -2.61974e-07 
1.9938 -2.58292e-07 
2.0047 -2.54658e-07 
2.0156 -2.5107e-07 
2.0265 -2.47524e-07 
2.0374 -2.44018e-07 
2.0483 -2.40552e-07 
2.0592 -2.37121e-07 
2.0701 -2.33724e-07 
2.081 -2.30359e-07 
2.0919 -2.27023e-07 
2.1028 -2.23713e-07 
2.1137 -2.20428e-07 
2.1246 -2.17164e-07 
2.1355 -2.1392e-07 
2.1464 -2.10692e-07 
2.1573 -2.07478e-07 
2.1682 -2.04275e-07 
2.1791 -2.01079e-07 
2.19 -1.9789e-07 
2.2009 -1.94702e-07 
2.2118 -1.91513e-07 
2.2227 -1.8832e-07 
2.2336 -1.85119e-07 
2.2445 -1.81906e-07 
2.2554 -1.78678e-07 
2.2663 -1.75432e-07 
2.2772 -1.72162e-07 
2.2881 -1.68864e-07 
2.299 -1.65535e-07 
2.3099 -1.62169e-07 
2.3208 -1.58761e-07 
2.3317 -1.55307e-07 
2.3426 -1.51801e-07 
2.3535 -1.48238e-07 
2.3644 -1.44611e-07 
2.3753 -1.40914e-07 
2.3862 -1.37142e-07 
2.3971 -1.33286e-07 
2.408 -1.29341e-07 
2.4189 -1.25299e-07 
2.4298 -1.21152e-07 
2.4407 -1.16892e-07 
2.4516 -1.12511e-07 
2.4625 -1.08e-07 
2.4734 -1.0335e-07 
2.4843 -9.85513e-08 
2.4952 -9.35934e-08 
2.5061 -8.84649e-08 
2.517 -8.31537e-08 
2.5279 -7.76458e-08 
2.5388 -7.19252e-08 
2.5497 -6.59727e-08 
2.5606 -5.97649e-08 
2.5715 -5.32727e-08 
2.5824 -4.64609e-08 
2.5933 -3.92966e-08 
2.6042 -3.17988e-08 
2.6151 -2.43146e-08 
2.626 -1.83388e-08 
2.6369 -1.5277e-08 
2.6478 -1.39439e-08 
2.6587 -1.32443e-08 
2.6696 -1.27851e-08 
2.6805 -1.24284e-08 
2.6914 -1.212e-08 
2.7023 -1.18362e-08 
2.7132 -1.15659e-08 
2.7241 -1.13038e-08 
2.735 -1.10472e-08 
2.7459 -1.07947e-08 
2.7568 -1.05459e-08 
2.7677 -1.03004e-08 
2.7786 -1.00583e-08 
2.7895 -9.81956e-09 
2.8004 -9.58442e-09 
2.8113 -9.35294e-09 
2.8222 -9.12529e-09 
2.8331 -8.90149e-09 
2.844 -8.68169e-09 
2.8549 -8.46593e-09 
2.8658 -8.25429e-09 
2.8767 -8.04675e-09 
2.8876 -7.84343e-09 
2.8985 -7.64422e-09 
2.9094 -7.44919e-09 
2.9203 -7.25829e-09 
2.9312 -7.07156e-09 
2.9421 -6.88887e-09 
2.953 -6.71028e-09 
2.9639 -6.53567e-09 
2.9748 -6.36501e-09 
2.9857 -6.19829e-09 
2.9966 -6.03541e-09 
3.0075 -5.87634e-09 
3.0184 -5.72098e-09 
3.0293 -5.56933e-09 
3.0402 -5.42126e-09 
3.0511 -5.27673e-09 
3.062 -5.13573e-09 
3.0729 -4.99806e-09 
3.0838 -4.8638e-09 
3.0947 -4.7328e-09 
3.1056 -4.60501e-09 
3.1165 -4.48039e-09 
3.1274 -4.35885e-09 
3.1383 -4.24033e-09 
3.1492 -4.12478e-09 
3.1601 -4.01211e-09 
3.171 -3.90229e-09 
3.1819 -3.79523e-09 
3.1928 -3.69089e-09 
3.2037 -3.58922e-09 
3.2146 -3.49014e-09 
3.2255 -3.39359e-09 
3.2364 -3.29955e-09 
3.2473 -3.20793e-09 
3.2582 -3.11868e-09 
3.2691 -3.03178e-09 
3.28 -2.94715e-09 
3.2909 -2.86474e-09 
3.3018 -2.78452e-09 
3.3127 -2.70642e-09 
3.3236 -2.63041e-09 
3.3345 -2.55645e-09 
3.3454 -2.48448e-09 
3.3563 -2.41448e-09 
3.3672 -2.34638e-09 
3.3781 -2.28018e-09 
3.389 -2.21581e-09 
3.3999 -2.15325e-09 
3.4108 -2.09246e-09 
3.4217 -2.03341e-09 
3.4326 -1.97607e-09 
3.4435 -1.92041e-09 
3.4544 -1.86642e-09 
3.4653 -1.81406e-09 
3.4762 -1.76332e-09 
3.4871 -1.7142e-09 
3.498 -1.66668e-09 
3.5089 -1.62079e-09 
3.5198 -1.57652e-09 
3.5307 -1.53393e-09 
3.5416 -1.49292e-09 
3.5525 -1.45329e-09 
3.5634 -1.4148e-09 
3.5743 -1.37733e-09 
3.5852 -1.34082e-09 
3.5961 -1.30522e-09 
3.607 -1.27049e-09 
3.6179 -1.2366e-09 
3.6288 -1.20353e-09 
3.6397 -1.17125e-09 
3.6506 -1.13974e-09 
3.6615 -1.10898e-09 
3.6724 -1.07896e-09 
3.6833 -1.04965e-09 
3.6942 -1.02105e-09 
3.7051 -9.93112e-10 
3.716 -9.65845e-10 
3.7269 -9.39223e-10 
3.7378 -9.13237e-10 
3.7487 -8.87871e-10 
3.7596 -8.631e-10 
3.7705 -8.38928e-10 
3.7814 -8.1533e-10 
3.7923 -7.92291e-10 
3.8032 -7.69803e-10 
3.8141 -7.47855e-10 
3.825 -7.26429e-10 
3.8359 -7.05521e-10 
3.8468 -6.85112e-10 
3.8577 -6.65195e-10 
3.8686 -6.45756e-10 
3.8795 -6.26785e-10 
3.8904 -6.08274e-10 
3.9013 -5.90211e-10 
3.9122 -5.72588e-10 
3.9231 -5.55391e-10 
3.934 -5.38614e-10 
3.9449 -5.22243e-10 
3.9558 -5.06275e-10 
3.9667 -4.907e-10 
3.9776 -4.75506e-10 
3.9885 -4.6069e-10 
3.9994 -4.46239e-10 
4.0103 -4.32145e-10 
4.0212 -4.18404e-10 
4.0321 -4.05e-10 
4.043 -3.91938e-10 
4.0539 -3.79202e-10 
4.0648 -3.66788e-10 
4.0757 -3.54688e-10 
4.0866 -3.42894e-10 
4.0975 -3.31402e-10 
4.1084 -3.20204e-10 
4.1193 -3.09294e-10 
4.1302 -2.98666e-10 
4.1411 -2.88313e-10 
4.152 -2.78231e-10 
4.1629 -2.68414e-10 
4.1738 -2.58855e-10 
4.1847 -2.49549e-10 
4.1956 -2.40491e-10 
4.2065 -2.31674e-10 
4.2174 -2.23096e-10 
4.2283 -2.14751e-10 
4.2392 -2.06632e-10 
4.2501 -1.98737e-10 
4.261 -1.91061e-10 
4.2719 -1.83598e-10 
4.2828 -1.76345e-10 
4.2937 -1.69297e-10 
4.3046 -1.62451e-10 
4.3155 -1.55801e-10 
4.3264 -1.49344e-10 
4.3373 -1.43077e-10 
4.3482 -1.36995e-10 
4.3591 -1.31095e-10 
4.37 -1.25374e-10 
4.3809 -1.19827e-10 
4.3918 -1.14452e-10 
4.4027 -1.09245e-10 
4.4136 -1.04203e-10 
4.4245 -9.93229e-11 
4.4354 -9.46024e-11 
4.4463 -9.00381e-11 
4.4572 -8.56268e-11 
4.4681 -8.13669e-11 
4.479 -7.7255e-11 
4.4899 -7.32887e-11 
4.5008 -6.9466e-11 
4.5117 -6.5785e-11 
4.5226 -6.22426e-11 
4.5335 -5.88375e-11 
4.5444 -5.55677e-11 
4.5553 -5.24311e-11 
4.5662 -4.94267e-11 
4.5771 -4.65525e-11 
4.588 -4.38077e-11 
4.5989 -4.11913e-11 
4.6098 -3.87019e-11 
4.6207 -3.63392e-11 
4.6316 -3.41029e-11 
4.6425 -3.19931e-11 
4.6534 -3.00101e-11 
4.6643 -2.81551e-11 
4.6752 -2.64295e-11 
4.6861 -2.48359e-11 
4.697 -2.33778e-11 
4.7079 -2.20606e-11 
4.7188 -2.08917e-11 
4.7297 -1.98816e-11 
4.7406 -1.90436e-11 
4.7515 -1.83839e-11 
4.7624 -1.78708e-11 
4.7733 -1.74461e-11 
4.7842 -1.70722e-11 
4.7951 -1.67311e-11 
4.806 -1.64137e-11 
4.8169 -1.61145e-11 
4.8278 -1.58301e-11 
4.8387 -1.55582e-11 
4.8496 -1.52971e-11 
4.8605 -1.50455e-11 
4.8714 -1.48023e-11 
4.8823 -1.45669e-11 
4.8932 -1.43385e-11 
4.9041 -1.41168e-11 
4.915 -1.3901e-11 
4.9259 -1.3691e-11 
4.9368 -1.34863e-11 
4.9477 -1.32867e-11 
4.9586 -1.30919e-11 
4.9695 -1.29017e-11 
4.9804 -1.27158e-11 
4.9913 -1.2534e-11 
5.0022 -1.23563e-11 
5.0131 -1.21823e-11 
5.024 -1.20121e-11 
5.0349 -1.18454e-11 
5.0458 -1.16821e-11 
5.0567 -1.15221e-11 
5.0676 -1.13652e-11 
5.0785 -1.12115e-11 
5.0894 -1.10608e-11 
5.1003 -1.09129e-11 
5.1112 -1.07679e-11 
5.1221 -1.06256e-11 
5.133 -1.04859e-11 
5.1439 -1.03488e-11 
5.1548 -1.02142e-11 
5.1657 -1.0082e-11 
5.1766 -9.95221e-12 
5.1875 -9.82476e-12 
5.1984 -9.69953e-12 
5.2093 -9.57642e-12 
5.2202 -9.45555e-12 
5.2311 -9.33672e-12 
5.242 -9.21991e-12 
5.2529 -9.10516e-12 
5.2638 -8.99231e-12 
5.2747 -8.88134e-12 
5.2856 -8.77224e-12 
5.2965 -8.66496e-12 
5.3074 -8.55944e-12 
5.3183 -8.45568e-12 
5.3292 -8.35359e-12 
5.3401 -8.25313e-12 
5.351 -8.15431e-12 
5.3619 -8.05707e-12 
5.3728 -7.96141e-12 
5.3837 -7.86726e-12 
5.3946 -7.7746e-12 
5.4055 -7.68338e-12 
5.4164 -7.59361e-12 
5.4273 -7.50523e-12 
5.4382 -7.41823e-12 
5.4491 -7.33259e-12 
5.46 -7.24822e-12 
5.4709 -7.16519e-12 
5.4818 -7.08339e-12 
5.4927 -7.00286e-12 
5.5036 -6.9235e-12 
5.5145 -6.84539e-12 
5.5254 -6.7684e-12 
5.5363 -6.69259e-12 
5.5472 -6.61792e-12 
5.5581 -6.54434e-12 
5.569 -6.47186e-12 
5.5799 -6.40043e-12 
5.5908 -6.33007e-12 
5.6017 -6.2607e-12 
5.6126 -6.19233e-12 
5.6235 -6.12499e-12 
5.6344 -6.05858e-12 
5.6453 -5.99314e-12 
5.6562 -5.92867e-12 
5.6671 -5.86509e-12 
5.678 -5.80241e-12 
5.6889 -5.74063e-12 
5.6998 -5.67973e-12 
5.7107 -5.61966e-12 
5.7216 -5.56046e-12 
5.7325 -5.50208e-12 
5.7434 -5.44452e-12 
5.7543 -5.38773e-12 
5.7652 -5.33175e-12 
5.7761 -5.27653e-12 
5.787 -5.22207e-12 
5.7979 -5.16837e-12 
5.8088 -5.11539e-12 
5.8197 -5.06314e-12 
5.8306 -5.01161e-12 
5.8415 -4.96076e-12 
5.8524 -4.9106e-12 
5.8633 -4.86111e-12 
5.8742 -4.81229e-12 
5.8851 -4.76412e-12 
5.896 -4.7166e-12 
5.9069 -4.66969e-12 
5.9178 -4.62341e-12 
5.9287 -4.57775e-12 
5.9396 -4.53267e-12 
5.9505 -4.4882e-12 
5.9614 -4.44431e-12 
5.9723 -4.40098e-12 
5.9832 -4.35823e-12 
5.9941 -4.31605e-12 
6.005 -4.27439e-12 
6.0159 -4.23327e-12 
6.0268 -4.19268e-12 
6.0377 -4.1526e-12 
6.0486 -4.11305e-12 
6.0595 -4.074e-12 
6.0704 -4.03545e-12 
6.0813 -3.99737e-12 
6.0922 -3.95978e-12 
6.1031 -3.92269e-12 
6.114 -3.88604e-12 
6.1249 -3.84984e-12 
6.1358 -3.81411e-12 
6.1467 -3.77882e-12 
6.1576 -3.74397e-12 
6.1685 -3.70956e-12 
6.1794 -3.67557e-12 
6.1903 -3.64198e-12 
6.2012 -3.60883e-12 
6.2121 -3.57608e-12 
6.223 -3.54373e-12 
6.2339 -3.51177e-12 
6.2448 -3.4802e-12 
6.2557 -3.44902e-12 
6.2666 -3.4182e-12 
6.2775 -3.38777e-12 
6.2884 -3.3577e-12 
6.2993 -3.328e-12 
6.3102 -3.29864e-12 
6.3211 -3.26965e-12 
6.332 -3.24099e-12 
6.3429 -3.21268e-12 
6.3538 -3.18469e-12 
6.3647 -3.15705e-12 
6.3756 -3.12972e-12 
6.3865 -3.10272e-12 
6.3974 -3.07603e-12 
6.4083 -3.04966e-12 
6.4192 -3.0236e-12 
6.4301 -2.99785e-12 
6.441 -2.97237e-12 
6.4519 -2.94722e-12 
6.4628 -2.92234e-12 
6.4737 -2.89774e-12 
6.4846 -2.87344e-12 
6.4955 -2.84942e-12 
6.5064 -2.82567e-12 
6.5173 -2.80218e-12 
6.5282 -2.77897e-12 
6.5391 -2.75602e-12 
6.55 -2.73332e-12 
6.5609 -2.71089e-12 
6.5718 -2.68872e-12 
6.5827 -2.66679e-12 
6.5936 -2.6451e-12 
6.6045 -2.62366e-12 
6.6154 -2.60246e-12 
6.6263 -2.58148e-12 
6.6372 -2.56075e-12 
6.6481 -2.54024e-12 
6.659 -2.51997e-12 
6.6699 -2.49992e-12 
6.6808 -2.4801e-12 
6.6917 -2.46048e-12 
6.7026 -2.44108e-12 
6.7135 -2.42188e-12 
6.7244 -2.40291e-12 
6.7353 -2.38413e-12 
6.7462 -2.36557e-12 
6.7571 -2.34719e-12 
6.768 -2.32902e-12 
6.7789 -2.31106e-12 
6.7898 -2.29327e-12 
6.8007 -2.27568e-12 
6.8116 -2.25829e-12 
6.8225 -2.24106e-12 
6.8334 -2.22403e-12 
6.8443 -2.20718e-12 
6.8552 -2.19051e-12 
6.8661 -2.17401e-12 
6.877 -2.15769e-12 
6.8879 -2.14153e-12 
6.8988 -2.12556e-12 
6.9097 -2.10974e-12 
6.9206 -2.09409e-12 
6.9315 -2.0786e-12 
6.9424 -2.06328e-12 
6.9533 -2.04811e-12 
6.9642 -2.0331e-12 
6.9751 -2.01825e-12 
6.986 -2.00355e-12 
6.9969 -1.989e-12 
7.0078 -1.9746e-12 
7.0187 -1.96035e-12 
7.0296 -1.94624e-12 
7.0405 -1.93228e-12 
7.0514 -1.91845e-12 
7.0623 -1.90477e-12 
7.0732 -1.89123e-12 
7.0841 -1.87782e-12 
7.095 -1.86455e-12 
7.1059 -1.85141e-12 
7.1168 -1.83841e-12 
7.1277 -1.82553e-12 
7.1386 -1.81278e-12 
7.1495 -1.80016e-12 
7.1604 -1.78767e-12 
7.1713 -1.7753e-12 
7.1822 -1.76305e-12 
7.1931 -1.75092e-12 
7.204 -1.73891e-12 
7.2149 -1.72702e-12 
7.2258 -1.71525e-12 
7.2367 -1.70359e-12 
7.2476 -1.69204e-12 
7.2585 -1.68061e-12 
7.2694 -1.66929e-12 
7.2803 -1.65808e-12 
7.2912 -1.64697e-12 
7.3021 -1.63598e-12 
7.313 -1.62509e-12 
7.3239 -1.6143e-12 
7.3348 -1.60362e-12 
7.3457 -1.59304e-12 
7.3566 -1.58256e-12 
7.3675 -1.57218e-12 
7.3784 -1.5619e-12 
7.3893 -1.55172e-12 
7.4002 -1.54164e-12 
7.4111 -1.53164e-12 
7.422 -1.52175e-12 
7.4329 -1.51194e-12 
7.4438 -1.50223e-12 
7.4547 -1.49261e-12 
7.4656 -1.48308e-12 
7.4765 -1.47364e-12 
7.4874 -1.46428e-12 
7.4983 -1.45501e-12 
7.5092 -1.44583e-12 
7.5201 -1.43673e-12 
7.531 -1.42772e-12 
7.5419 -1.41879e-12 
7.5528 -1.40994e-12 
7.5637 -1.40118e-12 
7.5746 -1.39249e-12 
7.5855 -1.38388e-12 
7.5964 -1.37535e-12 
7.6073 -1.3669e-12 
7.6182 -1.35852e-12 
7.6291 -1.35022e-12 
7.64 -1.342e-12 
7.6509 -1.33385e-12 
7.6618 -1.32577e-12 
7.6727 -1.31776e-12 
7.6836 -1.30983e-12 
7.6945 -1.30196e-12 
7.7054 -1.29417e-12 
7.7163 -1.28645e-12 
7.7272 -1.27879e-12 
7.7381 -1.2712e-12 
7.749 -1.26368e-12 
7.7599 -1.25623e-12 
7.7708 -1.24884e-12 
7.7817 -1.24151e-12 
7.7926 -1.23425e-12 
7.8035 -1.22706e-12 
7.8144 -1.21992e-12 
7.8253 -1.21285e-12 
7.8362 -1.20584e-12 
7.8471 -1.19889e-12 
7.858 -1.192e-12 
7.8689 -1.18517e-12 
7.8798 -1.1784e-12 
7.8907 -1.17169e-12 
7.9016 -1.16503e-12 
7.9125 -1.15843e-12 
7.9234 -1.15189e-12 
7.9343 -1.1454e-12 
7.9452 -1.13897e-12 
7.9561 -1.13259e-12 
7.967 -1.12627e-12 
7.9779 -1.12e-12 
7.9888 -1.11378e-12 
7.9997 -1.10761e-12 
8.0106 -1.1015e-12 
8.0215 -1.09544e-12 
8.0324 -1.08943e-12 
8.0433 -1.08347e-12 
8.0542 -1.07755e-12 
8.0651 -1.07169e-12 
8.076 -1.06588e-12 
8.0869 -1.06011e-12 
8.0978 -1.05439e-12 
8.1087 -1.04872e-12 
8.1196 -1.04309e-12 
8.1305 -1.03751e-12 
8.1414 -1.03198e-12 
8.1523 -1.02649e-12 
8.1632 -1.02105e-12 
8.1741 -1.01565e-12 
8.185 -1.01029e-12 
8.1959 -1.00498e-12 
8.2068 -9.99712e-13 
8.2177 -9.94486e-13 
8.2286 -9.893e-13 
8.2395 -9.84157e-13 
8.2504 -9.79055e-13 
8.2613 -9.73994e-13 
8.2722 -9.68972e-13 
8.2831 -9.63991e-13 
8.294 -9.5905e-13 
8.3049 -9.54147e-13 
8.3158 -9.49283e-13 
8.3267 -9.44458e-13 
8.3376 -9.39671e-13 
8.3485 -9.34922e-13 
8.3594 -9.30209e-13 
8.3703 -9.25533e-13 
8.3812 -9.20895e-13 
8.3921 -9.16291e-13 
8.403 -9.11725e-13 
8.4139 -9.07192e-13 
8.4248 -9.02696e-13 
8.4357 -8.98235e-13 
8.4466 -8.93807e-13 
8.4575 -8.89414e-13 
8.4684 -8.85054e-13 
8.4793 -8.80728e-13 
8.4902 -8.76434e-13 
8.5011 -8.72174e-13 
8.512 -8.67946e-13 
8.5229 -8.63751e-13 
8.5338 -8.59586e-13 
8.5447 -8.55453e-13 
8.5556 -8.51353e-13 
8.5665 -8.47283e-13 
8.5774 -8.43242e-13 
8.5883 -8.39233e-13 
8.5992 -8.35253e-13 
8.6101 -8.31304e-13 
8.621 -8.27384e-13 
8.6319 -8.23493e-13 
8.6428 -8.19631e-13 
8.6537 -8.15798e-13 
8.6646 -8.11992e-13 
8.6755 -8.08215e-13 
8.6864 -8.04466e-13 
8.6973 -8.00744e-13 
8.7082 -7.97049e-13 
8.7191 -7.93382e-13 
8.73 -7.89742e-13 
8.7409 -7.86128e-13 
8.7518 -7.8254e-13 
8.7627 -7.78979e-13 
8.7736 -7.75443e-13 
8.7845 -7.71933e-13 
8.7954 -7.68448e-13 
8.8063 -7.64988e-13 
8.8172 -7.61553e-13 
8.8281 -7.58143e-13 
8.839 -7.54757e-13 
8.8499 -7.51395e-13 
8.8608 -7.48058e-13 
8.8717 -7.44743e-13 
8.8826 -7.41453e-13 
8.8935 -7.38186e-13 
8.9044 -7.34941e-13 
8.9153 -7.31721e-13 
8.9262 -7.28522e-13 
8.9371 -7.25346e-13 
8.948 -7.22192e-13 
8.9589 -7.1906e-13 
8.9698 -7.1595e-13 
8.9807 -7.12863e-13 
8.9916 -7.09796e-13 
9.0025 -7.06751e-13 
9.0134 -7.03726e-13 
9.0243 -7.00723e-13 
9.0352 -6.9774e-13 
9.0461 -6.94778e-13 
9.057 -6.91837e-13 
9.0679 -6.88915e-13 
9.0788 -6.86013e-13 
9.0897 -6.83131e-13 
9.1006 -6.80269e-13 
9.1115 -6.77426e-13 
9.1224 -6.74603e-13 
9.1333 -6.71799e-13 
9.1442 -6.69014e-13 
9.1551 -6.66247e-13 
9.166 -6.63499e-13 
9.1769 -6.6077e-13 
9.1878 -6.58058e-13 
9.1987 -6.55365e-13 
9.2096 -6.5269e-13 
9.2205 -6.50033e-13 
9.2314 -6.47393e-13 
9.2423 -6.44772e-13 
9.2532 -6.42166e-13 
9.2641 -6.39579e-13 
9.275 -6.37009e-13 
9.2859 -6.34455e-13 
9.2968 -6.31919e-13 
9.3077 -6.29398e-13 
9.3186 -6.26895e-13 
9.3295 -6.24408e-13 
9.3404 -6.21937e-13 
9.3513 -6.19482e-13 
9.3622 -6.17043e-13 
9.3731 -6.1462e-13 
9.384 -6.12212e-13 
9.3949 -6.09821e-13 
9.4058 -6.07443e-13 
9.4167 -6.05082e-13 
9.4276 -6.02736e-13 
9.4385 -6.00404e-13 
9.4494 -5.98089e-13 
9.4603 -5.95787e-13 
9.4712 -5.935e-13 
9.4821 -5.91228e-13 
9.493 -5.88969e-13 
9.5039 -5.86726e-13 
9.5148 -5.84496e-13 
9.5257 -5.82281e-13 
9.5366 -5.80079e-13 
9.5475 -5.77891e-13 
9.5584 -5.75718e-13 
9.5693 -5.73557e-13 
9.5802 -5.7141e-13 
9.5911 -5.69276e-13 
9.602 -5.67156e-13 
9.6129 -5.65048e-13 
9.6238 -5.62954e-13 
9.6347 -5.60873e-13 
9.6456 -5.58804e-13 
9.6565 -5.56748e-13 
9.6674 -5.54705e-13 
9.6783 -5.52674e-13 
9.6892 -5.50656e-13 
9.7001 -5.4865e-13 
9.711 -5.46656e-13 
9.7219 -5.44675e-13 
9.7328 -5.42705e-13 
9.7437 -5.40747e-13 
9.7546 -5.38801e-13 
9.7655 -5.36867e-13 
9.7764 -5.34945e-13 
9.7873 -5.33034e-13 
9.7982 -5.31135e-13 
9.8091 -5.29246e-13 
9.82 -5.27369e-13 
9.8309 -5.25503e-13 
9.8418 -5.23649e-13 
9.8527 -5.21805e-13 
9.8636 -5.19972e-13 
9.8745 -5.1815e-13 
9.8854 -5.16339e-13 
9.8963 -5.14539e-13 
9.9072 -5.12748e-13 
9.9181 -5.10969e-13 
9.929 -5.092e-13 
9.9399 -5.07441e-13 
9.9508 -5.05692e-13 
9.9617 -5.03954e-13 
9.9726 -5.02226e-13 
9.9835 -5.00508e-13 
9.9944 -4.98799e-13 
10.0053 -4.97101e-13 
10.0162 -4.95412e-13 
10.0271 -4.93734e-13 
10.038 -4.92064e-13 
10.0489 -4.90404e-13 
10.0598 -4.88754e-13 
10.0707 -4.87113e-13 
10.0816 -4.85481e-13 
10.0925 -4.83859e-13 
10.1034 -4.82246e-13 
10.1143 -4.80642e-13 
10.1252 -4.79047e-13 
10.1361 -4.77461e-13 
10.147 -4.75884e-13 
10.1579 -4.74315e-13 
10.1688 -4.72756e-13 
10.1797 -4.71206e-13 
10.1906 -4.69663e-13 
10.2015 -4.6813e-13 
10.2124 -4.66605e-13 
10.2233 -4.65089e-13 
10.2342 -4.6358e-13 
10.2451 -4.62081e-13 
10.256 -4.60589e-13 
10.2669 -4.59106e-13 
10.2778 -4.57631e-13 
10.2887 -4.56164e-13 
10.2996 -4.54705e-13 
10.3105 -4.53254e-13 
10.3214 -4.5181e-13 
10.3323 -4.50375e-13 
10.3432 -4.48947e-13 
10.3541 -4.47528e-13 
10.365 -4.46116e-13 
10.3759 -4.44711e-13 
10.3868 -4.43314e-13 
10.3977 -4.41925e-13 
10.4086 -4.40543e-13 
10.4195 -4.39168e-13 
10.4304 -4.37801e-13 
10.4413 -4.36441e-13 
10.4522 -4.35088e-13 
10.4631 -4.33743e-13 
10.474 -4.32405e-13 
10.4849 -4.31073e-13 
10.4958 -4.29749e-13 
10.5067 -4.28432e-13 
10.5176 -4.27121e-13 
10.5285 -4.25818e-13 
10.5394 -4.24521e-13 
10.5503 -4.23232e-13 
10.5612 -4.21948e-13 
10.5721 -4.20672e-13 
10.583 -4.19402e-13 
10.5939 -4.18139e-13 
10.6048 -4.16882e-13 
10.6157 -4.15632e-13 
10.6266 -4.14388e-13 
10.6375 -4.13151e-13 
10.6484 -4.1192e-13 
10.6593 -4.10695e-13 
10.6702 -4.09477e-13 
10.6811 -4.08265e-13 
10.692 -4.07059e-13 
10.7029 -4.05859e-13 
10.7138 -4.04666e-13 
10.7247 -4.03478e-13 
10.7356 -4.02297e-13 
10.7465 -4.01121e-13 
10.7574 -3.99951e-13 
10.7683 -3.98787e-13 
10.7792 -3.97629e-13 
10.7901 -3.96477e-13 
10.801 -3.95331e-13 
10.8119 -3.9419e-13 
10.8228 -3.93055e-13 
10.8337 -3.91926e-13 
10.8446 -3.90802e-13 
10.8555 -3.89684e-13 
10.8664 -3.88571e-13 
10.8773 -3.87464e-13 
10.8882 -3.86362e-13 
10.8991 -3.85266e-13 
10.91 -3.84175e-13 
10.9209 -3.8309e-13 
10.9318 -3.8201e-13 
10.9427 -3.80935e-13 
10.9536 -3.79865e-13 
10.9645 -3.788e-13 
10.9754 -3.77741e-13 
10.9863 -3.76688e-13 
10.9972 -3.75638e-13 
11.0081 -3.74594e-13 
11.019 -3.73556e-13 
11.0299 -3.72521e-13 
11.0408 -3.71492e-13 
11.0517 -3.70468e-13 
11.0626 -3.69449e-13 
11.0735 -3.68435e-13 
11.0844 -3.67425e-13 
11.0953 -3.66421e-13 
11.1062 -3.65421e-13 
11.1171 -3.64425e-13 
11.128 -3.63435e-13 
11.1389 -3.62449e-13 
11.1498 -3.61468e-13 
11.1607 -3.60492e-13 
11.1716 -3.5952e-13 
11.1825 -3.58552e-13 
11.1934 -3.5759e-13 
11.2043 -3.56631e-13 
11.2152 -3.55677e-13 
11.2261 -3.54728e-13 
11.237 -3.53783e-13 
11.2479 -3.52842e-13 
11.2588 -3.51906e-13 
11.2697 -3.50974e-13 
11.2806 -3.50046e-13 
11.2915 -3.49123e-13 
11.3024 -3.48204e-13 
11.3133 -3.47289e-13 
11.3242 -3.46378e-13 
11.3351 -3.45471e-13 
11.346 -3.44569e-13 
11.3569 -3.43671e-13 
11.3678 -3.42776e-13 
11.3787 -3.41886e-13 
11.3896 -3.41e-13 
11.4005 -3.40118e-13 
11.4114 -3.3924e-13 
11.4223 -3.38365e-13 
11.4332 -3.37495e-13 
11.4441 -3.36629e-13 
11.455 -3.35766e-13 
11.4659 -3.34907e-13 
11.4768 -3.34052e-13 
11.4877 -3.33201e-13 
11.4986 -3.32354e-13 
11.5095 -3.31511e-13 
11.5204 -3.30671e-13 
11.5313 -3.29835e-13 
11.5422 -3.29002e-13 
11.5531 -3.28174e-13 
11.564 -3.27348e-13 
11.5749 -3.26527e-13 
11.5858 -3.25709e-13 
11.5967 -3.24895e-13 
11.6076 -3.24084e-13 
11.6185 -3.23277e-13 
11.6294 -3.22473e-13 
11.6403 -3.21673e-13 
11.6512 -3.20876e-13 
11.6621 -3.20083e-13 
11.673 -3.19293e-13 
11.6839 -3.18507e-13 
11.6948 -3.17724e-13 
11.7057 -3.16944e-13 
11.7166 -3.16167e-13 
11.7275 -3.15394e-13 
11.7384 -3.14625e-13 
11.7493 -3.13858e-13 
11.7602 -3.13095e-13 
11.7711 -3.12335e-13 
11.782 -3.11578e-13 
11.7929 -3.10825e-13 
11.8038 -3.10074e-13 
11.8147 -3.09327e-13 
11.8256 -3.08583e-13 
11.8365 -3.07842e-13 
11.8474 -3.07104e-13 
11.8583 -3.0637e-13 
11.8692 -3.05638e-13 
11.8801 -3.04909e-13 
11.891 -3.04184e-13 
11.9019 -3.03461e-13 
11.9128 -3.02742e-13 
11.9237 -3.02025e-13 
11.9346 -3.01312e-13 
11.9455 -3.00601e-13 
11.9564 -2.99893e-13 
11.9673 -2.99188e-13 
11.9782 -2.98487e-13 
11.9891 -2.97787e-13 
