0.01 -3.44752e-05 
0.0209 -3.24113e-05 
0.0318 -3.04591e-05 
0.0427 -2.86212e-05 
0.0536 -2.68973e-05 
0.0645 -2.52851e-05 
0.0754 -2.37805e-05 
0.0863 -2.23784e-05 
0.0972 -2.10733e-05 
0.1081 -1.98593e-05 
0.119 -1.87304e-05 
0.1299 -1.76807e-05 
0.1408 -1.67045e-05 
0.1517 -1.57964e-05 
0.1626 -1.49512e-05 
0.1735 -1.4164e-05 
0.1844 -1.34304e-05 
0.1953 -1.27461e-05 
0.2062 -1.21074e-05 
0.2171 -1.15106e-05 
0.228 -1.09526e-05 
0.2389 -1.04302e-05 
0.2498 -9.94075e-06 
0.2607 -9.48171e-06 
0.2716 -9.05077e-06 
0.2825 -8.64581e-06 
0.2934 -8.26487e-06 
0.3043 -7.90616e-06 
0.3152 -7.56807e-06 
0.3261 -7.24908e-06 
0.337 -6.94779e-06 
0.3479 -6.66295e-06 
0.3588 -6.39338e-06 
0.3697 -6.13798e-06 
0.3806 -5.89575e-06 
0.3915 -5.66573e-06 
0.4024 -5.44703e-06 
0.4133 -5.2388e-06 
0.4242 -5.04019e-06 
0.4351 -4.85035e-06 
0.446 -4.66853e-06 
0.4569 -4.49454e-06 
0.4678 -4.32878e-06 
0.4787 -4.17136e-06 
0.4896 -4.02206e-06 
0.5005 -3.8805e-06 
0.5114 -3.74624e-06 
0.5223 -3.61882e-06 
0.5332 -3.49783e-06 
0.5441 -3.38283e-06 
0.555 -3.27344e-06 
0.5659 -3.16931e-06 
0.5768 -3.07008e-06 
0.5877 -2.97546e-06 
0.5986 -2.88515e-06 
0.6095 -2.79889e-06 
0.6204 -2.71642e-06 
0.6313 -2.63752e-06 
0.6422 -2.56197e-06 
0.6531 -2.48957e-06 
0.664 -2.42016e-06 
0.6749 -2.35354e-06 
0.6858 -2.28958e-06 
0.6967 -2.22811e-06 
0.7076 -2.169e-06 
0.7185 -2.11214e-06 
0.7294 -2.05739e-06 
0.7403 -2.00464e-06 
0.7512 -1.9538e-06 
0.7621 -1.90477e-06 
0.773 -1.85745e-06 
0.7839 -1.81176e-06 
0.7948 -1.76762e-06 
0.8057 -1.72496e-06 
0.8166 -1.68371e-06 
0.8275 -1.64379e-06 
0.8384 -1.60516e-06 
0.8493 -1.56774e-06 
0.8602 -1.53148e-06 
0.8711 -1.49634e-06 
0.882 -1.46227e-06 
0.8929 -1.4292e-06 
0.9038 -1.39711e-06 
0.9147 -1.36595e-06 
0.9256 -1.33568e-06 
0.9365 -1.30626e-06 
0.9474 -1.27766e-06 
0.9583 -1.24983e-06 
0.9692 -1.22276e-06 
0.9801 -1.1964e-06 
0.991 -1.17072e-06 
1.0019 -1.1457e-06 
1.0128 -1.1213e-06 
1.0237 -1.09748e-06 
1.0346 -1.07423e-06 
1.0455 -1.05151e-06 
1.0564 -1.0293e-06 
1.0673 -1.00764e-06 
1.0782 -9.86581e-07 
1.0891 -9.6613e-07 
1.1 -9.46278e-07 
1.1109 -9.27007e-07 
1.1218 -9.08297e-07 
1.1327 -8.90127e-07 
1.1436 -8.72477e-07 
1.1545 -8.55326e-07 
1.1654 -8.38653e-07 
1.1763 -8.2244e-07 
1.1872 -8.06669e-07 
1.1981 -7.9132e-07 
1.209 -7.76378e-07 
1.2199 -7.61826e-07 
1.2308 -7.47649e-07 
1.2417 -7.33831e-07 
1.2526 -7.20358e-07 
1.2635 -7.07215e-07 
1.2744 -6.94391e-07 
1.2853 -6.81871e-07 
1.2962 -6.69644e-07 
1.3071 -6.57697e-07 
1.318 -6.4602e-07 
1.3289 -6.34601e-07 
1.3398 -6.23429e-07 
1.3507 -6.12493e-07 
1.3616 -6.01784e-07 
1.3725 -5.91292e-07 
1.3834 -5.81008e-07 
1.3943 -5.70921e-07 
1.4052 -5.61023e-07 
1.4161 -5.51305e-07 
1.427 -5.41758e-07 
1.4379 -5.32373e-07 
1.4488 -5.23142e-07 
1.4597 -5.14056e-07 
1.4706 -5.05108e-07 
1.4815 -4.96288e-07 
1.4924 -4.87588e-07 
1.5033 -4.79e-07 
1.5142 -4.70516e-07 
1.5251 -4.62127e-07 
1.536 -4.53826e-07 
1.5469 -4.45602e-07 
1.5578 -4.37448e-07 
1.5687 -4.29354e-07 
1.5796 -4.21312e-07 
1.5905 -4.13311e-07 
1.6014 -4.05343e-07 
1.6123 -3.97396e-07 
1.6232 -3.89461e-07 
1.6341 -3.81526e-07 
1.645 -3.7358e-07 
1.6559 -3.65611e-07 
1.6668 -3.57607e-07 
1.6777 -3.49554e-07 
1.6886 -3.41438e-07 
1.6995 -3.33244e-07 
1.7104 -3.24957e-07 
1.7213 -3.1656e-07 
1.7322 -3.08035e-07 
1.7431 -2.99363e-07 
1.754 -2.90522e-07 
1.7649 -2.81494e-07 
1.7758 -2.72252e-07 
1.7867 -2.62772e-07 
1.7976 -2.53029e-07 
1.8085 -2.42992e-07 
1.8194 -2.32631e-07 
1.8303 -2.21912e-07 
1.8412 -2.10798e-07 
1.8521 -1.99249e-07 
1.863 -1.87223e-07 
1.8739 -1.74668e-07 
1.8848 -1.6153e-07 
1.8957 -1.47745e-07 
1.9066 -1.33238e-07 
1.9175 -1.17921e-07 
1.9284 -1.01699e-07 
1.9393 -8.45154e-08 
1.9502 -6.65977e-08 
1.9611 -4.96344e-08 
1.972 -3.81629e-08 
1.9829 -3.28929e-08 
1.9938 -3.03727e-08 
2.0047 -2.88449e-08 
2.0156 -2.77171e-08 
2.0265 -2.67737e-08 
2.0374 -2.59256e-08 
2.0483 -2.51327e-08 
2.0592 -2.43756e-08 
2.0701 -2.36445e-08 
2.081 -2.29344e-08 
2.0919 -2.22426e-08 
2.1028 -2.15676e-08 
2.1137 -2.09087e-08 
2.1246 -2.02655e-08 
2.1355 -1.96379e-08 
2.1464 -1.90255e-08 
2.1573 -1.84285e-08 
2.1682 -1.78465e-08 
2.1791 -1.72794e-08 
2.19 -1.67272e-08 
2.2009 -1.61897e-08 
2.2118 -1.56666e-08 
2.2227 -1.51578e-08 
2.2336 -1.4663e-08 
2.2445 -1.41821e-08 
2.2554 -1.37146e-08 
2.2663 -1.32603e-08 
2.2772 -1.2819e-08 
2.2881 -1.23904e-08 
2.299 -1.19743e-08 
2.3099 -1.15703e-08 
2.3208 -1.11781e-08 
2.3317 -1.07974e-08 
2.3426 -1.04281e-08 
2.3535 -1.00697e-08 
2.3644 -9.72211e-09 
2.3753 -9.38492e-09 
2.3862 -9.05791e-09 
2.3971 -8.74079e-09 
2.408 -8.43332e-09 
2.4189 -8.13525e-09 
2.4298 -7.84631e-09 
2.4407 -7.56627e-09 
2.4516 -7.29487e-09 
2.4625 -7.03189e-09 
2.4734 -6.7771e-09 
2.4843 -6.53028e-09 
2.4952 -6.29119e-09 
2.5061 -6.05965e-09 
2.517 -5.83543e-09 
2.5279 -5.61835e-09 
2.5388 -5.40817e-09 
2.5497 -5.20474e-09 
2.5606 -5.00787e-09 
2.5715 -4.81736e-09 
2.5824 -4.63306e-09 
2.5933 -4.45477e-09 
2.6042 -4.28237e-09 
2.6151 -4.11565e-09 
2.626 -3.95449e-09 
2.6369 -3.79871e-09 
2.6478 -3.64822e-09 
2.6587 -3.50282e-09 
2.6696 -3.36239e-09 
2.6805 -3.22681e-09 
2.6914 -3.09595e-09 
2.7023 -2.96969e-09 
2.7132 -2.84792e-09 
2.7241 -2.7305e-09 
2.735 -2.61736e-09 
2.7459 -2.50837e-09 
2.7568 -2.40345e-09 
2.7677 -2.30251e-09 
2.7786 -2.20545e-09 
2.7895 -2.11222e-09 
2.8004 -2.02273e-09 
2.8113 -1.93692e-09 
2.8222 -1.85477e-09 
2.8331 -1.77624e-09 
2.844 -1.70132e-09 
2.8549 -1.63006e-09 
2.8658 -1.56248e-09 
2.8767 -1.49862e-09 
2.8876 -1.4381e-09 
2.8985 -1.38028e-09 
2.9094 -1.32471e-09 
2.9203 -1.27114e-09 
2.9312 -1.21942e-09 
2.9421 -1.16947e-09 
2.953 -1.12118e-09 
2.9639 -1.07451e-09 
2.9748 -1.02938e-09 
2.9857 -9.85767e-10 
2.9966 -9.43594e-10 
3.0075 -9.02831e-10 
3.0184 -8.63433e-10 
3.0293 -8.25359e-10 
3.0402 -7.8857e-10 
3.0511 -7.53027e-10 
3.062 -7.18704e-10 
3.0729 -6.85556e-10 
3.0838 -6.53558e-10 
3.0947 -6.22673e-10 
3.1056 -5.92877e-10 
3.1165 -5.6414e-10 
3.1274 -5.36427e-10 
3.1383 -5.0972e-10 
3.1492 -4.83986e-10 
3.1601 -4.59205e-10 
3.171 -4.35351e-10 
3.1819 -4.12398e-10 
3.1928 -3.90325e-10 
3.2037 -3.69113e-10 
3.2146 -3.48737e-10 
3.2255 -3.2918e-10 
3.2364 -3.10419e-10 
3.2473 -2.92439e-10 
3.2582 -2.75222e-10 
3.2691 -2.5875e-10 
3.28 -2.43009e-10 
3.2909 -2.2798e-10 
3.3018 -2.13652e-10 
3.3127 -2.0001e-10 
3.3236 -1.87043e-10 
3.3345 -1.74739e-10 
3.3454 -1.63089e-10 
3.3563 -1.52083e-10 
3.3672 -1.41714e-10 
3.3781 -1.31977e-10 
3.389 -1.22867e-10 
3.3999 -1.14386e-10 
3.4108 -1.06532e-10 
3.4217 -9.93135e-11 
3.4326 -9.27406e-11 
3.4435 -8.68321e-11 
3.4544 -8.16162e-11 
3.4653 -7.71352e-11 
3.4762 -7.34405e-11 
3.4871 -7.05362e-11 
3.498 -6.82469e-11 
3.5089 -6.63198e-11 
3.5198 -6.46079e-11 
3.5307 -6.30393e-11 
3.5416 -6.15772e-11 
3.5525 -6.01989e-11 
3.5634 -5.88903e-11 
3.5743 -5.76411e-11 
3.5852 -5.64443e-11 
3.5961 -5.52939e-11 
3.607 -5.41857e-11 
3.6179 -5.3116e-11 
3.6288 -5.20817e-11 
3.6397 -5.10804e-11 
3.6506 -5.01101e-11 
3.6615 -4.91688e-11 
3.6724 -4.82549e-11 
3.6833 -4.73667e-11 
3.6942 -4.65033e-11 
3.7051 -4.56631e-11 
3.716 -4.48453e-11 
3.7269 -4.4049e-11 
3.7378 -4.32729e-11 
3.7487 -4.25166e-11 
3.7596 -4.17792e-11 
3.7705 -4.10598e-11 
3.7814 -4.03579e-11 
3.7923 -3.96728e-11 
3.8032 -3.90037e-11 
3.8141 -3.83505e-11 
3.825 -3.77125e-11 
3.8359 -3.7089e-11 
3.8468 -3.64797e-11 
3.8577 -3.58842e-11 
3.8686 -3.5302e-11 
3.8795 -3.47326e-11 
3.8904 -3.41758e-11 
3.9013 -3.36308e-11 
3.9122 -3.30979e-11 
3.9231 -3.25763e-11 
3.934 -3.20658e-11 
3.9449 -3.15661e-11 
3.9558 -3.1077e-11 
3.9667 -3.05979e-11 
3.9776 -3.01289e-11 
3.9885 -2.96693e-11 
3.9994 -2.92193e-11 
4.0103 -2.87785e-11 
4.0212 -2.83465e-11 
4.0321 -2.79232e-11 
4.043 -2.75083e-11 
4.0539 -2.71016e-11 
4.0648 -2.6703e-11 
4.0757 -2.63121e-11 
4.0866 -2.59291e-11 
4.0975 -2.55535e-11 
4.1084 -2.51851e-11 
4.1193 -2.48236e-11 
4.1302 -2.44692e-11 
4.1411 -2.41215e-11 
4.152 -2.37803e-11 
4.1629 -2.34457e-11 
4.1738 -2.31174e-11 
4.1847 -2.2795e-11 
4.1956 -2.24788e-11 
4.2065 -2.21683e-11 
4.2174 -2.18637e-11 
4.2283 -2.15645e-11 
4.2392 -2.12708e-11 
4.2501 -2.09825e-11 
4.261 -2.06994e-11 
4.2719 -2.04213e-11 
4.2828 -2.01483e-11 
4.2937 -1.98802e-11 
4.3046 -1.96168e-11 
4.3155 -1.93581e-11 
4.3264 -1.91039e-11 
4.3373 -1.88542e-11 
4.3482 -1.86089e-11 
4.3591 -1.83677e-11 
4.37 -1.8131e-11 
4.3809 -1.78981e-11 
4.3918 -1.76694e-11 
4.4027 -1.74445e-11 
4.4136 -1.72235e-11 
4.4245 -1.70063e-11 
4.4354 -1.67927e-11 
4.4463 -1.65827e-11 
4.4572 -1.63763e-11 
4.4681 -1.61732e-11 
4.479 -1.59737e-11 
4.4899 -1.57774e-11 
4.5008 -1.55843e-11 
4.5117 -1.53946e-11 
4.5226 -1.52079e-11 
4.5335 -1.50242e-11 
4.5444 -1.48435e-11 
4.5553 -1.46657e-11 
4.5662 -1.44909e-11 
4.5771 -1.43188e-11 
4.588 -1.41496e-11 
4.5989 -1.3983e-11 
4.6098 -1.38192e-11 
4.6207 -1.3658e-11 
4.6316 -1.34992e-11 
4.6425 -1.33429e-11 
4.6534 -1.31892e-11 
4.6643 -1.30379e-11 
4.6752 -1.28889e-11 
4.6861 -1.27423e-11 
4.697 -1.25979e-11 
4.7079 -1.24558e-11 
4.7188 -1.23158e-11 
4.7297 -1.21781e-11 
4.7406 -1.20424e-11 
4.7515 -1.19088e-11 
4.7624 -1.17772e-11 
4.7733 -1.16477e-11 
4.7842 -1.152e-11 
4.7951 -1.13943e-11 
4.806 -1.12705e-11 
4.8169 -1.11486e-11 
4.8278 -1.10285e-11 
4.8387 -1.09101e-11 
4.8496 -1.07936e-11 
4.8605 -1.06787e-11 
4.8714 -1.05655e-11 
4.8823 -1.0454e-11 
4.8932 -1.03441e-11 
4.9041 -1.02358e-11 
4.915 -1.01292e-11 
4.9259 -1.0024e-11 
4.9368 -9.92035e-12 
4.9477 -9.81819e-12 
4.9586 -9.71752e-12 
4.9695 -9.61826e-12 
4.9804 -9.52043e-12 
4.9913 -9.42401e-12 
5.0022 -9.32892e-12 
5.0131 -9.23525e-12 
5.024 -9.1428e-12 
5.0349 -9.05173e-12 
5.0458 -8.9619e-12 
5.0567 -8.87332e-12 
5.0676 -8.78598e-12 
5.0785 -8.69982e-12 
5.0894 -8.61492e-12 
5.1003 -8.53111e-12 
5.1112 -8.4485e-12 
5.1221 -8.36704e-12 
5.133 -8.28666e-12 
5.1439 -8.20734e-12 
5.1548 -8.12915e-12 
5.1657 -8.05199e-12 
5.1766 -7.97592e-12 
5.1875 -7.90081e-12 
5.1984 -7.82675e-12 
5.2093 -7.75365e-12 
5.2202 -7.68152e-12 
5.2311 -7.61039e-12 
5.242 -7.54019e-12 
5.2529 -7.47088e-12 
5.2638 -7.4025e-12 
5.2747 -7.33504e-12 
5.2856 -7.26844e-12 
5.2965 -7.20273e-12 
5.3074 -7.13786e-12 
5.3183 -7.07384e-12 
5.3292 -7.01063e-12 
5.3401 -6.94825e-12 
5.351 -6.88666e-12 
5.3619 -6.82587e-12 
5.3728 -6.76585e-12 
5.3837 -6.7066e-12 
5.3946 -6.6481e-12 
5.4055 -6.59034e-12 
5.4164 -6.53331e-12 
5.4273 -6.477e-12 
5.4382 -6.4214e-12 
5.4491 -6.36649e-12 
5.46 -6.31226e-12 
5.4709 -6.25871e-12 
5.4818 -6.20583e-12 
5.4927 -6.1536e-12 
5.5036 -6.10201e-12 
5.5145 -6.05106e-12 
5.5254 -6.00073e-12 
5.5363 -5.95102e-12 
5.5472 -5.90191e-12 
5.5581 -5.85341e-12 
5.569 -5.80549e-12 
5.5799 -5.75815e-12 
5.5908 -5.71137e-12 
5.6017 -5.66516e-12 
5.6126 -5.61951e-12 
5.6235 -5.5744e-12 
5.6344 -5.52982e-12 
5.6453 -5.48578e-12 
5.6562 -5.44226e-12 
5.6671 -5.39925e-12 
5.678 -5.35675e-12 
5.6889 -5.31475e-12 
5.6998 -5.27324e-12 
5.7107 -5.23221e-12 
5.7216 -5.19166e-12 
5.7325 -5.15158e-12 
5.7434 -5.11197e-12 
5.7543 -5.07281e-12 
5.7652 -5.0341e-12 
5.7761 -4.99584e-12 
5.787 -4.95801e-12 
5.7979 -4.92062e-12 
5.8088 -4.88365e-12 
5.8197 -4.8471e-12 
5.8306 -4.81097e-12 
5.8415 -4.77524e-12 
5.8524 -4.73991e-12 
5.8633 -4.70498e-12 
5.8742 -4.67045e-12 
5.8851 -4.63629e-12 
5.896 -4.60252e-12 
5.9069 -4.56912e-12 
5.9178 -4.53609e-12 
5.9287 -4.50342e-12 
5.9396 -4.47112e-12 
5.9505 -4.43916e-12 
5.9614 -4.40756e-12 
5.9723 -4.3763e-12 
5.9832 -4.34538e-12 
5.9941 -4.31479e-12 
6.005 -4.28454e-12 
6.0159 -4.25461e-12 
6.0268 -4.22501e-12 
6.0377 -4.19572e-12 
6.0486 -4.16674e-12 
6.0595 -4.13808e-12 
6.0704 -4.10972e-12 
6.0813 -4.08166e-12 
6.0922 -4.05389e-12 
6.1031 -4.02642e-12 
6.114 -3.99924e-12 
6.1249 -3.97234e-12 
6.1358 -3.94572e-12 
6.1467 -3.91938e-12 
6.1576 -3.89332e-12 
6.1685 -3.86752e-12 
6.1794 -3.84199e-12 
6.1903 -3.81672e-12 
6.2012 -3.79172e-12 
6.2121 -3.76697e-12 
6.223 -3.74247e-12 
6.2339 -3.71822e-12 
6.2448 -3.69422e-12 
6.2557 -3.67047e-12 
6.2666 -3.64695e-12 
6.2775 -3.62367e-12 
6.2884 -3.60062e-12 
6.2993 -3.57781e-12 
6.3102 -3.55522e-12 
6.3211 -3.53285e-12 
6.332 -3.51071e-12 
6.3429 -3.48879e-12 
6.3538 -3.46709e-12 
6.3647 -3.4456e-12 
6.3756 -3.42432e-12 
6.3865 -3.40325e-12 
6.3974 -3.38239e-12 
6.4083 -3.36173e-12 
6.4192 -3.34127e-12 
6.4301 -3.32101e-12 
6.441 -3.30094e-12 
6.4519 -3.28107e-12 
6.4628 -3.26139e-12 
6.4737 -3.2419e-12 
6.4846 -3.22259e-12 
6.4955 -3.20347e-12 
6.5064 -3.18453e-12 
6.5173 -3.16577e-12 
6.5282 -3.14718e-12 
6.5391 -3.12878e-12 
6.55 -3.11054e-12 
6.5609 -3.09248e-12 
6.5718 -3.07458e-12 
6.5827 -3.05686e-12 
6.5936 -3.03929e-12 
6.6045 -3.0219e-12 
6.6154 -3.00466e-12 
6.6263 -2.98758e-12 
6.6372 -2.97066e-12 
6.6481 -2.95389e-12 
6.659 -2.93727e-12 
6.6699 -2.92081e-12 
6.6808 -2.9045e-12 
6.6917 -2.88833e-12 
6.7026 -2.87232e-12 
6.7135 -2.85644e-12 
6.7244 -2.84071e-12 
6.7353 -2.82512e-12 
6.7462 -2.80967e-12 
6.7571 -2.79436e-12 
6.768 -2.77919e-12 
6.7789 -2.76415e-12 
6.7898 -2.74924e-12 
6.8007 -2.73446e-12 
6.8116 -2.71982e-12 
6.8225 -2.7053e-12 
6.8334 -2.69091e-12 
6.8443 -2.67665e-12 
6.8552 -2.66251e-12 
6.8661 -2.64849e-12 
6.877 -2.6346e-12 
6.8879 -2.62082e-12 
6.8988 -2.60717e-12 
6.9097 -2.59363e-12 
6.9206 -2.5802e-12 
6.9315 -2.56689e-12 
6.9424 -2.5537e-12 
6.9533 -2.54062e-12 
6.9642 -2.52765e-12 
6.9751 -2.51478e-12 
6.986 -2.50203e-12 
6.9969 -2.48938e-12 
7.0078 -2.47684e-12 
7.0187 -2.46441e-12 
7.0296 -2.45208e-12 
7.0405 -2.43985e-12 
7.0514 -2.42772e-12 
7.0623 -2.41569e-12 
7.0732 -2.40377e-12 
7.0841 -2.39194e-12 
7.095 -2.3802e-12 
7.1059 -2.36857e-12 
7.1168 -2.35703e-12 
7.1277 -2.34558e-12 
7.1386 -2.33423e-12 
7.1495 -2.32296e-12 
7.1604 -2.31179e-12 
7.1713 -2.30071e-12 
7.1822 -2.28972e-12 
7.1931 -2.27881e-12 
7.204 -2.268e-12 
7.2149 -2.25727e-12 
7.2258 -2.24662e-12 
7.2367 -2.23606e-12 
7.2476 -2.22558e-12 
7.2585 -2.21519e-12 
7.2694 -2.20487e-12 
7.2803 -2.19464e-12 
7.2912 -2.18449e-12 
7.3021 -2.17442e-12 
7.313 -2.16442e-12 
7.3239 -2.15451e-12 
7.3348 -2.14467e-12 
7.3457 -2.1349e-12 
7.3566 -2.12521e-12 
7.3675 -2.1156e-12 
7.3784 -2.10606e-12 
7.3893 -2.09659e-12 
7.4002 -2.08719e-12 
7.4111 -2.07787e-12 
7.422 -2.06861e-12 
7.4329 -2.05943e-12 
7.4438 -2.05032e-12 
7.4547 -2.04127e-12 
7.4656 -2.03229e-12 
7.4765 -2.02338e-12 
7.4874 -2.01454e-12 
7.4983 -2.00576e-12 
7.5092 -1.99705e-12 
7.5201 -1.9884e-12 
7.531 -1.97981e-12 
7.5419 -1.97129e-12 
7.5528 -1.96283e-12 
7.5637 -1.95443e-12 
7.5746 -1.9461e-12 
7.5855 -1.93782e-12 
7.5964 -1.9296e-12 
7.6073 -1.92145e-12 
7.6182 -1.91335e-12 
7.6291 -1.90531e-12 
7.64 -1.89734e-12 
7.6509 -1.88941e-12 
7.6618 -1.88154e-12 
7.6727 -1.87373e-12 
7.6836 -1.86598e-12 
7.6945 -1.85828e-12 
7.7054 -1.85063e-12 
7.7163 -1.84304e-12 
7.7272 -1.83551e-12 
7.7381 -1.82802e-12 
7.749 -1.82059e-12 
7.7599 -1.81321e-12 
7.7708 -1.80588e-12 
7.7817 -1.7986e-12 
7.7926 -1.79137e-12 
7.8035 -1.78419e-12 
7.8144 -1.77707e-12 
7.8253 -1.76999e-12 
7.8362 -1.76296e-12 
7.8471 -1.75597e-12 
7.858 -1.74904e-12 
7.8689 -1.74215e-12 
7.8798 -1.73531e-12 
7.8907 -1.72852e-12 
7.9016 -1.72177e-12 
7.9125 -1.71507e-12 
7.9234 -1.70841e-12 
7.9343 -1.7018e-12 
7.9452 -1.69523e-12 
7.9561 -1.6887e-12 
7.967 -1.68222e-12 
7.9779 -1.67578e-12 
7.9888 -1.66939e-12 
7.9997 -1.66303e-12 
8.0106 -1.65672e-12 
8.0215 -1.65045e-12 
8.0324 -1.64422e-12 
8.0433 -1.63803e-12 
8.0542 -1.63189e-12 
8.0651 -1.62578e-12 
8.076 -1.61971e-12 
8.0869 -1.61368e-12 
8.0978 -1.60769e-12 
8.1087 -1.60174e-12 
8.1196 -1.59582e-12 
8.1305 -1.58995e-12 
8.1414 -1.58411e-12 
8.1523 -1.57831e-12 
8.1632 -1.57255e-12 
8.1741 -1.56682e-12 
8.185 -1.56113e-12 
8.1959 -1.55547e-12 
8.2068 -1.54985e-12 
8.2177 -1.54427e-12 
8.2286 -1.53872e-12 
8.2395 -1.53321e-12 
8.2504 -1.52773e-12 
8.2613 -1.52228e-12 
8.2722 -1.51687e-12 
8.2831 -1.51149e-12 
8.294 -1.50614e-12 
8.3049 -1.50083e-12 
8.3158 -1.49555e-12 
8.3267 -1.4903e-12 
8.3376 -1.48509e-12 
8.3485 -1.4799e-12 
8.3594 -1.47475e-12 
8.3703 -1.46963e-12 
8.3812 -1.46454e-12 
8.3921 -1.45948e-12 
8.403 -1.45445e-12 
8.4139 -1.44945e-12 
8.4248 -1.44449e-12 
8.4357 -1.43955e-12 
8.4466 -1.43464e-12 
8.4575 -1.42976e-12 
8.4684 -1.42491e-12 
8.4793 -1.42008e-12 
8.4902 -1.41529e-12 
8.5011 -1.41052e-12 
8.512 -1.40579e-12 
8.5229 -1.40108e-12 
8.5338 -1.39639e-12 
8.5447 -1.39174e-12 
8.5556 -1.38711e-12 
8.5665 -1.38251e-12 
8.5774 -1.37793e-12 
8.5883 -1.37339e-12 
8.5992 -1.36886e-12 
8.6101 -1.36437e-12 
8.621 -1.3599e-12 
8.6319 -1.35545e-12 
8.6428 -1.35103e-12 
8.6537 -1.34664e-12 
8.6646 -1.34227e-12 
8.6755 -1.33793e-12 
8.6864 -1.33361e-12 
8.6973 -1.32931e-12 
8.7082 -1.32504e-12 
8.7191 -1.32079e-12 
8.73 -1.31657e-12 
8.7409 -1.31237e-12 
8.7518 -1.30819e-12 
8.7627 -1.30404e-12 
8.7736 -1.29991e-12 
8.7845 -1.2958e-12 
8.7954 -1.29172e-12 
8.8063 -1.28766e-12 
8.8172 -1.28362e-12 
8.8281 -1.2796e-12 
8.839 -1.2756e-12 
8.8499 -1.27163e-12 
8.8608 -1.26768e-12 
8.8717 -1.26375e-12 
8.8826 -1.25984e-12 
8.8935 -1.25595e-12 
8.9044 -1.25208e-12 
8.9153 -1.24824e-12 
8.9262 -1.24441e-12 
8.9371 -1.24061e-12 
8.948 -1.23682e-12 
8.9589 -1.23306e-12 
8.9698 -1.22931e-12 
8.9807 -1.22559e-12 
8.9916 -1.22188e-12 
9.0025 -1.2182e-12 
9.0134 -1.21453e-12 
9.0243 -1.21088e-12 
9.0352 -1.20725e-12 
9.0461 -1.20365e-12 
9.057 -1.20006e-12 
9.0679 -1.19648e-12 
9.0788 -1.19293e-12 
9.0897 -1.1894e-12 
9.1006 -1.18588e-12 
9.1115 -1.18239e-12 
9.1224 -1.1789e-12 
9.1333 -1.17544e-12 
9.1442 -1.172e-12 
9.1551 -1.16857e-12 
9.166 -1.16516e-12 
9.1769 -1.16177e-12 
9.1878 -1.1584e-12 
9.1987 -1.15504e-12 
9.2096 -1.1517e-12 
9.2205 -1.14838e-12 
9.2314 -1.14507e-12 
9.2423 -1.14178e-12 
9.2532 -1.13851e-12 
9.2641 -1.13525e-12 
9.275 -1.13201e-12 
9.2859 -1.12878e-12 
9.2968 -1.12557e-12 
9.3077 -1.12238e-12 
9.3186 -1.11921e-12 
9.3295 -1.11604e-12 
9.3404 -1.1129e-12 
9.3513 -1.10977e-12 
9.3622 -1.10665e-12 
9.3731 -1.10355e-12 
9.384 -1.10047e-12 
9.3949 -1.0974e-12 
9.4058 -1.09434e-12 
9.4167 -1.0913e-12 
9.4276 -1.08828e-12 
9.4385 -1.08527e-12 
9.4494 -1.08227e-12 
9.4603 -1.07929e-12 
9.4712 -1.07632e-12 
9.4821 -1.07337e-12 
9.493 -1.07043e-12 
9.5039 -1.06751e-12 
9.5148 -1.0646e-12 
9.5257 -1.0617e-12 
9.5366 -1.05882e-12 
9.5475 -1.05595e-12 
9.5584 -1.05309e-12 
9.5693 -1.05025e-12 
9.5802 -1.04742e-12 
9.5911 -1.0446e-12 
9.602 -1.0418e-12 
9.6129 -1.03901e-12 
9.6238 -1.03623e-12 
9.6347 -1.03347e-12 
9.6456 -1.03071e-12 
9.6565 -1.02798e-12 
9.6674 -1.02525e-12 
9.6783 -1.02254e-12 
9.6892 -1.01984e-12 
9.7001 -1.01715e-12 
9.711 -1.01447e-12 
9.7219 -1.01181e-12 
9.7328 -1.00916e-12 
9.7437 -1.00652e-12 
9.7546 -1.00389e-12 
9.7655 -1.00127e-12 
9.7764 -9.98668e-13 
9.7873 -9.96075e-13 
9.7982 -9.93495e-13 
9.8091 -9.90925e-13 
9.82 -9.88368e-13 
9.8309 -9.85822e-13 
9.8418 -9.83287e-13 
9.8527 -9.80764e-13 
9.8636 -9.78251e-13 
9.8745 -9.7575e-13 
9.8854 -9.7326e-13 
9.8963 -9.70781e-13 
9.9072 -9.68313e-13 
9.9181 -9.65856e-13 
9.929 -9.63409e-13 
9.9399 -9.60974e-13 
9.9508 -9.58549e-13 
9.9617 -9.56134e-13 
9.9726 -9.5373e-13 
9.9835 -9.51337e-13 
9.9944 -9.48954e-13 
10.0053 -9.46581e-13 
10.0162 -9.44218e-13 
10.0271 -9.41866e-13 
10.038 -9.39524e-13 
10.0489 -9.37191e-13 
10.0598 -9.34869e-13 
10.0707 -9.32557e-13 
10.0816 -9.30255e-13 
10.0925 -9.27962e-13 
10.1034 -9.25679e-13 
10.1143 -9.23406e-13 
10.1252 -9.21142e-13 
10.1361 -9.18889e-13 
10.147 -9.16644e-13 
10.1579 -9.14409e-13 
10.1688 -9.12183e-13 
10.1797 -9.09967e-13 
10.1906 -9.0776e-13 
10.2015 -9.05563e-13 
10.2124 -9.03374e-13 
10.2233 -9.01194e-13 
10.2342 -8.99024e-13 
10.2451 -8.96862e-13 
10.256 -8.9471e-13 
10.2669 -8.92566e-13 
10.2778 -8.90432e-13 
10.2887 -8.88305e-13 
10.2996 -8.86188e-13 
10.3105 -8.8408e-13 
10.3214 -8.8198e-13 
10.3323 -8.79888e-13 
10.3432 -8.77805e-13 
10.3541 -8.75731e-13 
10.365 -8.73665e-13 
10.3759 -8.71607e-13 
10.3868 -8.69558e-13 
10.3977 -8.67517e-13 
10.4086 -8.65484e-13 
10.4195 -8.63459e-13 
10.4304 -8.61443e-13 
10.4413 -8.59434e-13 
10.4522 -8.57434e-13 
10.4631 -8.55441e-13 
10.474 -8.53457e-13 
10.4849 -8.5148e-13 
10.4958 -8.49511e-13 
10.5067 -8.4755e-13 
10.5176 -8.45597e-13 
10.5285 -8.43651e-13 
10.5394 -8.41713e-13 
10.5503 -8.39783e-13 
10.5612 -8.3786e-13 
10.5721 -8.35945e-13 
10.583 -8.34037e-13 
10.5939 -8.32137e-13 
10.6048 -8.30244e-13 
10.6157 -8.28359e-13 
10.6266 -8.2648e-13 
10.6375 -8.2461e-13 
10.6484 -8.22746e-13 
10.6593 -8.20889e-13 
10.6702 -8.1904e-13 
10.6811 -8.17198e-13 
10.692 -8.15363e-13 
10.7029 -8.13534e-13 
10.7138 -8.11713e-13 
10.7247 -8.09899e-13 
10.7356 -8.08092e-13 
10.7465 -8.06291e-13 
10.7574 -8.04497e-13 
10.7683 -8.02711e-13 
10.7792 -8.00931e-13 
10.7901 -7.99157e-13 
10.801 -7.97391e-13 
10.8119 -7.95631e-13 
10.8228 -7.93877e-13 
10.8337 -7.9213e-13 
10.8446 -7.9039e-13 
10.8555 -7.88656e-13 
10.8664 -7.86929e-13 
10.8773 -7.85208e-13 
10.8882 -7.83493e-13 
10.8991 -7.81785e-13 
10.91 -7.80083e-13 
10.9209 -7.78388e-13 
10.9318 -7.76699e-13 
10.9427 -7.75015e-13 
10.9536 -7.73338e-13 
10.9645 -7.71668e-13 
10.9754 -7.70003e-13 
10.9863 -7.68345e-13 
10.9972 -7.66692e-13 
11.0081 -7.65046e-13 
11.019 -7.63405e-13 
11.0299 -7.61771e-13 
11.0408 -7.60142e-13 
11.0517 -7.58519e-13 
11.0626 -7.56902e-13 
11.0735 -7.55291e-13 
11.0844 -7.53686e-13 
11.0953 -7.52087e-13 
11.1062 -7.50493e-13 
11.1171 -7.48905e-13 
11.128 -7.47323e-13 
11.1389 -7.45746e-13 
11.1498 -7.44175e-13 
11.1607 -7.42609e-13 
11.1716 -7.4105e-13 
11.1825 -7.39495e-13 
11.1934 -7.37946e-13 
11.2043 -7.36403e-13 
11.2152 -7.34865e-13 
11.2261 -7.33332e-13 
11.237 -7.31805e-13 
11.2479 -7.30284e-13 
11.2588 -7.28767e-13 
11.2697 -7.27256e-13 
11.2806 -7.2575e-13 
11.2915 -7.24249e-13 
11.3024 -7.22754e-13 
11.3133 -7.21264e-13 
11.3242 -7.19779e-13 
11.3351 -7.18299e-13 
11.346 -7.16824e-13 
11.3569 -7.15354e-13 
11.3678 -7.1389e-13 
11.3787 -7.1243e-13 
11.3896 -7.10975e-13 
11.4005 -7.09526e-13 
11.4114 -7.08081e-13 
11.4223 -7.06642e-13 
11.4332 -7.05207e-13 
11.4441 -7.03777e-13 
11.455 -7.02352e-13 
11.4659 -7.00932e-13 
11.4768 -6.99516e-13 
11.4877 -6.98106e-13 
11.4986 -6.967e-13 
11.5095 -6.95299e-13 
11.5204 -6.93903e-13 
11.5313 -6.92511e-13 
11.5422 -6.91124e-13 
11.5531 -6.89742e-13 
11.564 -6.88364e-13 
11.5749 -6.86991e-13 
11.5858 -6.85622e-13 
11.5967 -6.84258e-13 
11.6076 -6.82899e-13 
11.6185 -6.81544e-13 
11.6294 -6.80194e-13 
11.6403 -6.78848e-13 
11.6512 -6.77507e-13 
11.6621 -6.76169e-13 
11.673 -6.74837e-13 
11.6839 -6.73509e-13 
11.6948 -6.72185e-13 
11.7057 -6.70865e-13 
11.7166 -6.6955e-13 
11.7275 -6.68239e-13 
11.7384 -6.66932e-13 
11.7493 -6.6563e-13 
11.7602 -6.64332e-13 
11.7711 -6.63038e-13 
11.782 -6.61748e-13 
11.7929 -6.60463e-13 
11.8038 -6.59181e-13 
11.8147 -6.57904e-13 
11.8256 -6.56631e-13 
11.8365 -6.55362e-13 
11.8474 -6.54097e-13 
11.8583 -6.52836e-13 
11.8692 -6.51579e-13 
11.8801 -6.50326e-13 
11.891 -6.49077e-13 
11.9019 -6.47833e-13 
11.9128 -6.46592e-13 
11.9237 -6.45355e-13 
11.9346 -6.44122e-13 
11.9455 -6.42893e-13 
11.9564 -6.41668e-13 
11.9673 -6.40446e-13 
11.9782 -6.39229e-13 
11.9891 -6.38015e-13 
