0.01 -3.02799e-05 
0.0209 -2.85802e-05 
0.0318 -2.69725e-05 
0.0427 -2.54569e-05 
0.0536 -2.4032e-05 
0.0645 -2.26951e-05 
0.0754 -2.14427e-05 
0.0863 -2.02709e-05 
0.0972 -1.91752e-05 
0.1081 -1.81512e-05 
0.119 -1.71944e-05 
0.1299 -1.63004e-05 
0.1408 -1.5465e-05 
0.1517 -1.46841e-05 
0.1626 -1.39537e-05 
0.1735 -1.32704e-05 
0.1844 -1.26306e-05 
0.1953 -1.20313e-05 
0.2062 -1.14694e-05 
0.2171 -1.09423e-05 
0.228 -1.04473e-05 
0.2389 -9.98223e-06 
0.2498 -9.54484e-06 
0.2607 -9.13318e-06 
0.2716 -8.74542e-06 
0.2825 -8.37984e-06 
0.2934 -8.03492e-06 
0.3043 -7.70919e-06 
0.3152 -7.40135e-06 
0.3261 -7.11018e-06 
0.337 -6.83456e-06 
0.3479 -6.57344e-06 
0.3588 -6.32587e-06 
0.3697 -6.09097e-06 
0.3806 -5.86792e-06 
0.3915 -5.65597e-06 
0.4024 -5.4544e-06 
0.4133 -5.2626e-06 
0.4242 -5.07993e-06 
0.4351 -4.90585e-06 
0.446 -4.73985e-06 
0.4569 -4.58144e-06 
0.4678 -4.43018e-06 
0.4787 -4.28565e-06 
0.4896 -4.14746e-06 
0.5005 -4.01525e-06 
0.5114 -3.8887e-06 
0.5223 -3.76747e-06 
0.5332 -3.65128e-06 
0.5441 -3.53986e-06 
0.555 -3.43294e-06 
0.5659 -3.3303e-06 
0.5768 -3.23169e-06 
0.5877 -3.13691e-06 
0.5986 -3.04575e-06 
0.6095 -2.95804e-06 
0.6204 -2.87359e-06 
0.6313 -2.79224e-06 
0.6422 -2.71382e-06 
0.6531 -2.63819e-06 
0.664 -2.56519e-06 
0.6749 -2.49469e-06 
0.6858 -2.42655e-06 
0.6967 -2.36064e-06 
0.7076 -2.2968e-06 
0.7185 -2.2349e-06 
0.7294 -2.17481e-06 
0.7403 -2.11653e-06 
0.7512 -2.06016e-06 
0.7621 -2.00578e-06 
0.773 -1.95335e-06 
0.7839 -1.90283e-06 
0.7948 -1.85413e-06 
0.8057 -1.80719e-06 
0.8166 -1.76192e-06 
0.8275 -1.71825e-06 
0.8384 -1.67611e-06 
0.8493 -1.63543e-06 
0.8602 -1.59613e-06 
0.8711 -1.55816e-06 
0.882 -1.52146e-06 
0.8929 -1.48596e-06 
0.9038 -1.45161e-06 
0.9147 -1.41836e-06 
0.9256 -1.38617e-06 
0.9365 -1.35499e-06 
0.9474 -1.32476e-06 
0.9583 -1.29546e-06 
0.9692 -1.26704e-06 
0.9801 -1.23946e-06 
0.991 -1.2127e-06 
1.0019 -1.18671e-06 
1.0128 -1.16147e-06 
1.0237 -1.13694e-06 
1.0346 -1.11309e-06 
1.0455 -1.08991e-06 
1.0564 -1.06736e-06 
1.0673 -1.04542e-06 
1.0782 -1.02407e-06 
1.0891 -1.00327e-06 
1.1 -9.83024e-07 
1.1109 -9.63296e-07 
1.1218 -9.44071e-07 
1.1327 -9.2533e-07 
1.1436 -9.07056e-07 
1.1545 -8.89231e-07 
1.1654 -8.7184e-07 
1.1763 -8.54868e-07 
1.1872 -8.38298e-07 
1.1981 -8.22118e-07 
1.209 -8.06314e-07 
1.2199 -7.90871e-07 
1.2308 -7.75779e-07 
1.2417 -7.61023e-07 
1.2526 -7.46592e-07 
1.2635 -7.32475e-07 
1.2744 -7.1866e-07 
1.2853 -7.05134e-07 
1.2962 -6.91888e-07 
1.3071 -6.78908e-07 
1.318 -6.66182e-07 
1.3289 -6.537e-07 
1.3398 -6.41456e-07 
1.3507 -6.29468e-07 
1.3616 -6.17755e-07 
1.3725 -6.06322e-07 
1.3834 -5.95164e-07 
1.3943 -5.84274e-07 
1.4052 -5.73645e-07 
1.4161 -5.63268e-07 
1.427 -5.53134e-07 
1.4379 -5.43234e-07 
1.4488 -5.33561e-07 
1.4597 -5.24107e-07 
1.4706 -5.14863e-07 
1.4815 -5.05823e-07 
1.4924 -4.96979e-07 
1.5033 -4.88324e-07 
1.5142 -4.79851e-07 
1.5251 -4.71554e-07 
1.536 -4.63427e-07 
1.5469 -4.55463e-07 
1.5578 -4.47656e-07 
1.5687 -4.40001e-07 
1.5796 -4.32491e-07 
1.5905 -4.25123e-07 
1.6014 -4.17889e-07 
1.6123 -4.10785e-07 
1.6232 -4.03807e-07 
1.6341 -3.96948e-07 
1.645 -3.90204e-07 
1.6559 -3.83571e-07 
1.6668 -3.77044e-07 
1.6777 -3.70618e-07 
1.6886 -3.64288e-07 
1.6995 -3.58051e-07 
1.7104 -3.51902e-07 
1.7213 -3.45837e-07 
1.7322 -3.39851e-07 
1.7431 -3.3394e-07 
1.754 -3.281e-07 
1.7649 -3.22327e-07 
1.7758 -3.16616e-07 
1.7867 -3.10963e-07 
1.7976 -3.05364e-07 
1.8085 -2.99815e-07 
1.8194 -2.9431e-07 
1.8303 -2.88847e-07 
1.8412 -2.83419e-07 
1.8521 -2.78023e-07 
1.863 -2.72654e-07 
1.8739 -2.67307e-07 
1.8848 -2.61976e-07 
1.8957 -2.56658e-07 
1.9066 -2.51346e-07 
1.9175 -2.46035e-07 
1.9284 -2.40719e-07 
1.9393 -2.35392e-07 
1.9502 -2.30048e-07 
1.9611 -2.2468e-07 
1.972 -2.19281e-07 
1.9829 -2.13844e-07 
1.9938 -2.0836e-07 
2.0047 -2.02821e-07 
2.0156 -1.97218e-07 
2.0265 -1.91542e-07 
2.0374 -1.85781e-07 
2.0483 -1.79925e-07 
2.0592 -1.7396e-07 
2.0701 -1.67874e-07 
2.081 -1.61652e-07 
2.0919 -1.55277e-07 
2.1028 -1.4873e-07 
2.1137 -1.41991e-07 
2.1246 -1.35037e-07 
2.1355 -1.27841e-07 
2.1464 -1.20371e-07 
2.1573 -1.1259e-07 
2.1682 -1.04455e-07 
2.1791 -9.59102e-08 
2.19 -8.6889e-08 
2.2009 -7.73066e-08 
2.2118 -6.70593e-08 
2.2227 -5.60445e-08 
2.2336 -4.43057e-08 
2.2445 -3.28049e-08 
2.2554 -2.46336e-08 
2.2663 -2.07123e-08 
2.2772 -1.88187e-08 
2.2881 -1.76998e-08 
2.299 -1.69102e-08 
2.3099 -1.62799e-08 
2.3208 -1.57354e-08 
2.3317 -1.52416e-08 
2.3426 -1.47805e-08 
2.3535 -1.43422e-08 
2.3644 -1.39211e-08 
2.3753 -1.35139e-08 
2.3862 -1.31186e-08 
2.3971 -1.27339e-08 
2.408 -1.23591e-08 
2.4189 -1.19935e-08 
2.4298 -1.1637e-08 
2.4407 -1.12892e-08 
2.4516 -1.09499e-08 
2.4625 -1.06189e-08 
2.4734 -1.02962e-08 
2.4843 -9.98149e-09 
2.4952 -9.67474e-09 
2.5061 -9.37583e-09 
2.517 -9.08456e-09 
2.5279 -8.80087e-09 
2.5388 -8.52465e-09 
2.5497 -8.25566e-09 
2.5606 -7.99381e-09 
2.5715 -7.73904e-09 
2.5824 -7.49111e-09 
2.5933 -7.24989e-09 
2.6042 -7.01529e-09 
2.6151 -6.78715e-09 
2.626 -6.5653e-09 
2.6369 -6.34961e-09 
2.6478 -6.13997e-09 
2.6587 -5.9362e-09 
2.6696 -5.73822e-09 
2.6805 -5.54583e-09 
2.6914 -5.35894e-09 
2.7023 -5.17738e-09 
2.7132 -5.00107e-09 
2.7241 -4.82984e-09 
2.735 -4.6636e-09 
2.7459 -4.50221e-09 
2.7568 -4.34555e-09 
2.7677 -4.1935e-09 
2.7786 -4.04595e-09 
2.7895 -3.90279e-09 
2.8004 -3.76392e-09 
2.8113 -3.6292e-09 
2.8222 -3.49856e-09 
2.8331 -3.37188e-09 
2.844 -3.24905e-09 
2.8549 -3.13001e-09 
2.8658 -3.01463e-09 
2.8767 -2.90284e-09 
2.8876 -2.79452e-09 
2.8985 -2.68963e-09 
2.9094 -2.58804e-09 
2.9203 -2.4897e-09 
2.9312 -2.39452e-09 
2.9421 -2.30241e-09 
2.953 -2.2133e-09 
2.9639 -2.12713e-09 
2.9748 -2.04383e-09 
2.9857 -1.96332e-09 
2.9966 -1.88555e-09 
3.0075 -1.81044e-09 
3.0184 -1.73795e-09 
3.0293 -1.66801e-09 
3.0402 -1.60057e-09 
3.0511 -1.5356e-09 
3.062 -1.47302e-09 
3.0729 -1.41281e-09 
3.0838 -1.35494e-09 
3.0947 -1.29936e-09 
3.1056 -1.24607e-09 
3.1165 -1.19504e-09 
3.1274 -1.1463e-09 
3.1383 -1.09986e-09 
3.1492 -1.05576e-09 
3.1601 -1.01402e-09 
3.171 -9.74426e-10 
3.1819 -9.3655e-10 
3.1928 -9.00094e-10 
3.2037 -8.64902e-10 
3.2146 -8.30884e-10 
3.2255 -7.97977e-10 
3.2364 -7.66121e-10 
3.2473 -7.35295e-10 
3.2582 -7.05444e-10 
3.2691 -6.76545e-10 
3.28 -6.48571e-10 
3.2909 -6.2149e-10 
3.3018 -5.9528e-10 
3.3127 -5.69913e-10 
3.3236 -5.45368e-10 
3.3345 -5.21623e-10 
3.3454 -4.98659e-10 
3.3563 -4.76449e-10 
3.3672 -4.5498e-10 
3.3781 -4.3423e-10 
3.389 -4.14179e-10 
3.3999 -3.94815e-10 
3.4108 -3.76116e-10 
3.4217 -3.58069e-10 
3.4326 -3.40654e-10 
3.4435 -3.23859e-10 
3.4544 -3.07669e-10 
3.4653 -2.92068e-10 
3.4762 -2.77045e-10 
3.4871 -2.62584e-10 
3.498 -2.48675e-10 
3.5089 -2.35302e-10 
3.5198 -2.22458e-10 
3.5307 -2.10127e-10 
3.5416 -1.98303e-10 
3.5525 -1.86972e-10 
3.5634 -1.76126e-10 
3.5743 -1.65756e-10 
3.5852 -1.55853e-10 
3.5961 -1.46409e-10 
3.607 -1.37417e-10 
3.6179 -1.2887e-10 
3.6288 -1.20763e-10 
3.6397 -1.1309e-10 
3.6506 -1.05847e-10 
3.6615 -9.90327e-11 
3.6724 -9.2644e-11 
3.6833 -8.66826e-11 
3.6942 -8.1149e-11 
3.7051 -7.60497e-11 
3.716 -7.13925e-11 
3.7269 -6.71912e-11 
3.7378 -6.34668e-11 
3.7487 -6.02492e-11 
3.7596 -5.75757e-11 
3.7705 -5.54513e-11 
3.7814 -5.37585e-11 
3.7923 -5.2321e-11 
3.8032 -5.10357e-11 
3.8141 -4.98524e-11 
3.825 -4.87447e-11 
3.8359 -4.7697e-11 
3.8468 -4.66995e-11 
3.8577 -4.57446e-11 
3.8686 -4.48276e-11 
3.8795 -4.39444e-11 
3.8904 -4.3092e-11 
3.9013 -4.22677e-11 
3.9122 -4.14694e-11 
3.9231 -4.06954e-11 
3.934 -3.99443e-11 
3.9449 -3.92146e-11 
3.9558 -3.85051e-11 
3.9667 -3.78147e-11 
3.9776 -3.71428e-11 
3.9885 -3.64885e-11 
3.9994 -3.58507e-11 
4.0103 -3.52289e-11 
4.0212 -3.46224e-11 
4.0321 -3.40308e-11 
4.043 -3.34532e-11 
4.0539 -3.28895e-11 
4.0648 -3.23387e-11 
4.0757 -3.18008e-11 
4.0866 -3.1275e-11 
4.0975 -3.07613e-11 
4.1084 -3.02589e-11 
4.1193 -2.97678e-11 
4.1302 -2.92873e-11 
4.1411 -2.88174e-11 
4.152 -2.83576e-11 
4.1629 -2.79076e-11 
4.1738 -2.74672e-11 
4.1847 -2.70361e-11 
4.1956 -2.6614e-11 
4.2065 -2.62005e-11 
4.2174 -2.57957e-11 
4.2283 -2.53991e-11 
4.2392 -2.50107e-11 
4.2501 -2.46301e-11 
4.261 -2.42571e-11 
4.2719 -2.38915e-11 
4.2828 -2.35333e-11 
4.2937 -2.3182e-11 
4.3046 -2.28378e-11 
4.3155 -2.25001e-11 
4.3264 -2.2169e-11 
4.3373 -2.18443e-11 
4.3482 -2.15259e-11 
4.3591 -2.12135e-11 
4.37 -2.09071e-11 
4.3809 -2.06065e-11 
4.3918 -2.03115e-11 
4.4027 -2.0022e-11 
4.4136 -1.97378e-11 
4.4245 -1.94591e-11 
4.4354 -1.91854e-11 
4.4463 -1.89167e-11 
4.4572 -1.86529e-11 
4.4681 -1.8394e-11 
4.479 -1.81398e-11 
4.4899 -1.78901e-11 
4.5008 -1.76449e-11 
4.5117 -1.74041e-11 
4.5226 -1.71675e-11 
4.5335 -1.69352e-11 
4.5444 -1.6707e-11 
4.5553 -1.64828e-11 
4.5662 -1.62624e-11 
4.5771 -1.6046e-11 
4.588 -1.58332e-11 
4.5989 -1.56242e-11 
4.6098 -1.54189e-11 
4.6207 -1.52169e-11 
4.6316 -1.50184e-11 
4.6425 -1.48234e-11 
4.6534 -1.46316e-11 
4.6643 -1.44431e-11 
4.6752 -1.42577e-11 
4.6861 -1.40755e-11 
4.697 -1.38963e-11 
4.7079 -1.372e-11 
4.7188 -1.35467e-11 
4.7297 -1.33764e-11 
4.7406 -1.32087e-11 
4.7515 -1.30438e-11 
4.7624 -1.28816e-11 
4.7733 -1.27221e-11 
4.7842 -1.25652e-11 
4.7951 -1.24107e-11 
4.806 -1.22588e-11 
4.8169 -1.21093e-11 
4.8278 -1.19622e-11 
4.8387 -1.18174e-11 
4.8496 -1.1675e-11 
4.8605 -1.15348e-11 
4.8714 -1.13968e-11 
4.8823 -1.1261e-11 
4.8932 -1.11273e-11 
4.9041 -1.09958e-11 
4.915 -1.08662e-11 
4.9259 -1.07387e-11 
4.9368 -1.06131e-11 
4.9477 -1.04895e-11 
4.9586 -1.03677e-11 
4.9695 -1.02479e-11 
4.9804 -1.01299e-11 
4.9913 -1.00136e-11 
5.0022 -9.89916e-12 
5.0131 -9.78643e-12 
5.024 -9.67539e-12 
5.0349 -9.56604e-12 
5.0458 -9.45828e-12 
5.0567 -9.35219e-12 
5.0676 -9.24761e-12 
5.0785 -9.14466e-12 
5.0894 -9.04319e-12 
5.1003 -8.94322e-12 
5.1112 -8.84473e-12 
5.1221 -8.74767e-12 
5.133 -8.65205e-12 
5.1439 -8.55784e-12 
5.1548 -8.46494e-12 
5.1657 -8.37341e-12 
5.1766 -8.28321e-12 
5.1875 -8.19432e-12 
5.1984 -8.10669e-12 
5.2093 -8.0203e-12 
5.2202 -7.93515e-12 
5.2311 -7.85121e-12 
5.242 -7.76848e-12 
5.2529 -7.6869e-12 
5.2638 -7.60646e-12 
5.2747 -7.52719e-12 
5.2856 -7.44902e-12 
5.2965 -7.37192e-12 
5.3074 -7.2959e-12 
5.3183 -7.22095e-12 
5.3292 -7.14705e-12 
5.3401 -7.07415e-12 
5.351 -7.00226e-12 
5.3619 -6.93133e-12 
5.3728 -6.86141e-12 
5.3837 -6.79242e-12 
5.3946 -6.72439e-12 
5.4055 -6.65727e-12 
5.4164 -6.59103e-12 
5.4273 -6.52574e-12 
5.4382 -6.46128e-12 
5.4491 -6.39771e-12 
5.46 -6.33501e-12 
5.4709 -6.2731e-12 
5.4818 -6.21206e-12 
5.4927 -6.1518e-12 
5.5036 -6.09237e-12 
5.5145 -6.03371e-12 
5.5254 -5.9758e-12 
5.5363 -5.91866e-12 
5.5472 -5.8623e-12 
5.5581 -5.80663e-12 
5.569 -5.75171e-12 
5.5799 -5.69748e-12 
5.5908 -5.64398e-12 
5.6017 -5.59116e-12 
5.6126 -5.53902e-12 
5.6235 -5.48754e-12 
5.6344 -5.43673e-12 
5.6453 -5.38657e-12 
5.6562 -5.33705e-12 
5.6671 -5.28815e-12 
5.678 -5.23988e-12 
5.6889 -5.19221e-12 
5.6998 -5.14514e-12 
5.7107 -5.09868e-12 
5.7216 -5.05278e-12 
5.7325 -5.00745e-12 
5.7434 -4.96269e-12 
5.7543 -4.9185e-12 
5.7652 -4.87487e-12 
5.7761 -4.83175e-12 
5.787 -4.78918e-12 
5.7979 -4.74712e-12 
5.8088 -4.7056e-12 
5.8197 -4.66455e-12 
5.8306 -4.62403e-12 
5.8415 -4.58397e-12 
5.8524 -4.54443e-12 
5.8633 -4.50536e-12 
5.8742 -4.46676e-12 
5.8851 -4.42862e-12 
5.896 -4.39094e-12 
5.9069 -4.35371e-12 
5.9178 -4.31694e-12 
5.9287 -4.28058e-12 
5.9396 -4.24468e-12 
5.9505 -4.2092e-12 
5.9614 -4.17411e-12 
5.9723 -4.13948e-12 
5.9832 -4.10522e-12 
5.9941 -4.07137e-12 
6.005 -4.03793e-12 
6.0159 -4.00485e-12 
6.0268 -3.9722e-12 
6.0377 -3.93989e-12 
6.0486 -3.90798e-12 
6.0595 -3.87642e-12 
6.0704 -3.84523e-12 
6.0813 -3.8144e-12 
6.0922 -3.78392e-12 
6.1031 -3.7538e-12 
6.114 -3.72401e-12 
6.1249 -3.69456e-12 
6.1358 -3.66545e-12 
6.1467 -3.63666e-12 
6.1576 -3.6082e-12 
6.1685 -3.58006e-12 
6.1794 -3.55224e-12 
6.1903 -3.52473e-12 
6.2012 -3.49753e-12 
6.2121 -3.47063e-12 
6.223 -3.44402e-12 
6.2339 -3.41771e-12 
6.2448 -3.3917e-12 
6.2557 -3.36597e-12 
6.2666 -3.34052e-12 
6.2775 -3.31535e-12 
6.2884 -3.29046e-12 
6.2993 -3.26584e-12 
6.3102 -3.24148e-12 
6.3211 -3.2174e-12 
6.332 -3.19357e-12 
6.3429 -3.17e-12 
6.3538 -3.14668e-12 
6.3647 -3.12362e-12 
6.3756 -3.1008e-12 
6.3865 -3.07822e-12 
6.3974 -3.05589e-12 
6.4083 -3.03379e-12 
6.4192 -3.01193e-12 
6.4301 -2.9903e-12 
6.441 -2.9689e-12 
6.4519 -2.94773e-12 
6.4628 -2.92678e-12 
6.4737 -2.90604e-12 
6.4846 -2.88553e-12 
6.4955 -2.86522e-12 
6.5064 -2.84513e-12 
6.5173 -2.82525e-12 
6.5282 -2.80557e-12 
6.5391 -2.7861e-12 
6.55 -2.76683e-12 
6.5609 -2.74775e-12 
6.5718 -2.72887e-12 
6.5827 -2.71019e-12 
6.5936 -2.69169e-12 
6.6045 -2.67338e-12 
6.6154 -2.65526e-12 
6.6263 -2.63732e-12 
6.6372 -2.61957e-12 
6.6481 -2.60199e-12 
6.659 -2.58459e-12 
6.6699 -2.56736e-12 
6.6808 -2.5503e-12 
6.6917 -2.53342e-12 
6.7026 -2.5167e-12 
6.7135 -2.50015e-12 
6.7244 -2.48377e-12 
6.7353 -2.46754e-12 
6.7462 -2.45148e-12 
6.7571 -2.43557e-12 
6.768 -2.41982e-12 
6.7789 -2.40422e-12 
6.7898 -2.38878e-12 
6.8007 -2.37348e-12 
6.8116 -2.35834e-12 
6.8225 -2.34334e-12 
6.8334 -2.32848e-12 
6.8443 -2.31377e-12 
6.8552 -2.2992e-12 
6.8661 -2.28477e-12 
6.877 -2.27048e-12 
6.8879 -2.25632e-12 
6.8988 -2.2423e-12 
6.9097 -2.22842e-12 
6.9206 -2.21466e-12 
6.9315 -2.20103e-12 
6.9424 -2.18753e-12 
6.9533 -2.17416e-12 
6.9642 -2.16092e-12 
6.9751 -2.1478e-12 
6.986 -2.1348e-12 
6.9969 -2.12192e-12 
7.0078 -2.10916e-12 
7.0187 -2.09652e-12 
7.0296 -2.084e-12 
7.0405 -2.07159e-12 
7.0514 -2.0593e-12 
7.0623 -2.04712e-12 
7.0732 -2.03505e-12 
7.0841 -2.02309e-12 
7.095 -2.01124e-12 
7.1059 -1.9995e-12 
7.1168 -1.98786e-12 
7.1277 -1.97633e-12 
7.1386 -1.96491e-12 
7.1495 -1.95358e-12 
7.1604 -1.94236e-12 
7.1713 -1.93124e-12 
7.1822 -1.92022e-12 
7.1931 -1.9093e-12 
7.204 -1.89847e-12 
7.2149 -1.88774e-12 
7.2258 -1.8771e-12 
7.2367 -1.86656e-12 
7.2476 -1.85611e-12 
7.2585 -1.84576e-12 
7.2694 -1.83549e-12 
7.2803 -1.82531e-12 
7.2912 -1.81523e-12 
7.3021 -1.80523e-12 
7.313 -1.79532e-12 
7.3239 -1.78549e-12 
7.3348 -1.77575e-12 
7.3457 -1.76609e-12 
7.3566 -1.75651e-12 
7.3675 -1.74702e-12 
7.3784 -1.73761e-12 
7.3893 -1.72828e-12 
7.4002 -1.71903e-12 
7.4111 -1.70985e-12 
7.422 -1.70076e-12 
7.4329 -1.69174e-12 
7.4438 -1.6828e-12 
7.4547 -1.67393e-12 
7.4656 -1.66514e-12 
7.4765 -1.65642e-12 
7.4874 -1.64777e-12 
7.4983 -1.6392e-12 
7.5092 -1.6307e-12 
7.5201 -1.62226e-12 
7.531 -1.6139e-12 
7.5419 -1.60561e-12 
7.5528 -1.59738e-12 
7.5637 -1.58922e-12 
7.5746 -1.58113e-12 
7.5855 -1.57311e-12 
7.5964 -1.56515e-12 
7.6073 -1.55726e-12 
7.6182 -1.54943e-12 
7.6291 -1.54166e-12 
7.64 -1.53396e-12 
7.6509 -1.52631e-12 
7.6618 -1.51873e-12 
7.6727 -1.51121e-12 
7.6836 -1.50375e-12 
7.6945 -1.49635e-12 
7.7054 -1.48901e-12 
7.7163 -1.48173e-12 
7.7272 -1.47451e-12 
7.7381 -1.46734e-12 
7.749 -1.46023e-12 
7.7599 -1.45317e-12 
7.7708 -1.44617e-12 
7.7817 -1.43923e-12 
7.7926 -1.43234e-12 
7.8035 -1.4255e-12 
7.8144 -1.41872e-12 
7.8253 -1.41198e-12 
7.8362 -1.40531e-12 
7.8471 -1.39868e-12 
7.858 -1.3921e-12 
7.8689 -1.38558e-12 
7.8798 -1.3791e-12 
7.8907 -1.37268e-12 
7.9016 -1.3663e-12 
7.9125 -1.35997e-12 
7.9234 -1.35369e-12 
7.9343 -1.34746e-12 
7.9452 -1.34127e-12 
7.9561 -1.33513e-12 
7.967 -1.32904e-12 
7.9779 -1.32299e-12 
7.9888 -1.31699e-12 
7.9997 -1.31103e-12 
8.0106 -1.30512e-12 
8.0215 -1.29925e-12 
8.0324 -1.29343e-12 
8.0433 -1.28765e-12 
8.0542 -1.28191e-12 
8.0651 -1.27621e-12 
8.076 -1.27056e-12 
8.0869 -1.26494e-12 
8.0978 -1.25937e-12 
8.1087 -1.25384e-12 
8.1196 -1.24835e-12 
8.1305 -1.2429e-12 
8.1414 -1.23749e-12 
8.1523 -1.23211e-12 
8.1632 -1.22678e-12 
8.1741 -1.22148e-12 
8.185 -1.21622e-12 
8.1959 -1.211e-12 
8.2068 -1.20582e-12 
8.2177 -1.20068e-12 
8.2286 -1.19557e-12 
8.2395 -1.1905e-12 
8.2504 -1.18546e-12 
8.2613 -1.18046e-12 
8.2722 -1.17549e-12 
8.2831 -1.17056e-12 
8.294 -1.16566e-12 
8.3049 -1.1608e-12 
8.3158 -1.15597e-12 
8.3267 -1.15118e-12 
8.3376 -1.14642e-12 
8.3485 -1.14169e-12 
8.3594 -1.13699e-12 
8.3703 -1.13233e-12 
8.3812 -1.1277e-12 
8.3921 -1.1231e-12 
8.403 -1.11853e-12 
8.4139 -1.114e-12 
8.4248 -1.10949e-12 
8.4357 -1.10502e-12 
8.4466 -1.10057e-12 
8.4575 -1.09616e-12 
8.4684 -1.09177e-12 
8.4793 -1.08742e-12 
8.4902 -1.08309e-12 
8.5011 -1.0788e-12 
8.512 -1.07453e-12 
8.5229 -1.07029e-12 
8.5338 -1.06608e-12 
8.5447 -1.0619e-12 
8.5556 -1.05774e-12 
8.5665 -1.05362e-12 
8.5774 -1.04952e-12 
8.5883 -1.04544e-12 
8.5992 -1.0414e-12 
8.6101 -1.03738e-12 
8.621 -1.03338e-12 
8.6319 -1.02942e-12 
8.6428 -1.02547e-12 
8.6537 -1.02156e-12 
8.6646 -1.01767e-12 
8.6755 -1.0138e-12 
8.6864 -1.00996e-12 
8.6973 -1.00615e-12 
8.7082 -1.00236e-12 
8.7191 -9.98589e-13 
8.73 -9.94847e-13 
8.7409 -9.91127e-13 
8.7518 -9.87432e-13 
8.7627 -9.83762e-13 
8.7736 -9.80113e-13 
8.7845 -9.76487e-13 
8.7954 -9.72886e-13 
8.8063 -9.69306e-13 
8.8172 -9.65749e-13 
8.8281 -9.62215e-13 
8.839 -9.58702e-13 
8.8499 -9.55211e-13 
8.8608 -9.51742e-13 
8.8717 -9.48295e-13 
8.8826 -9.44869e-13 
8.8935 -9.41464e-13 
8.9044 -9.3808e-13 
8.9153 -9.34717e-13 
8.9262 -9.31374e-13 
8.9371 -9.28053e-13 
8.948 -9.24751e-13 
8.9589 -9.2147e-13 
8.9698 -9.18209e-13 
8.9807 -9.14967e-13 
8.9916 -9.11745e-13 
9.0025 -9.08543e-13 
9.0134 -9.05359e-13 
9.0243 -9.02196e-13 
9.0352 -8.99051e-13 
9.0461 -8.95925e-13 
9.057 -8.92818e-13 
9.0679 -8.89729e-13 
9.0788 -8.86658e-13 
9.0897 -8.83606e-13 
9.1006 -8.80572e-13 
9.1115 -8.77556e-13 
9.1224 -8.74558e-13 
9.1333 -8.71577e-13 
9.1442 -8.68613e-13 
9.1551 -8.65668e-13 
9.166 -8.6274e-13 
9.1769 -8.59828e-13 
9.1878 -8.56933e-13 
9.1987 -8.54056e-13 
9.2096 -8.51195e-13 
9.2205 -8.4835e-13 
9.2314 -8.45523e-13 
9.2423 -8.42711e-13 
9.2532 -8.39915e-13 
9.2641 -8.37136e-13 
9.275 -8.34371e-13 
9.2859 -8.31624e-13 
9.2968 -8.28892e-13 
9.3077 -8.26175e-13 
9.3186 -8.23474e-13 
9.3295 -8.20788e-13 
9.3404 -8.18117e-13 
9.3513 -8.15462e-13 
9.3622 -8.12821e-13 
9.3731 -8.10194e-13 
9.384 -8.07583e-13 
9.3949 -8.04987e-13 
9.4058 -8.02405e-13 
9.4167 -7.99837e-13 
9.4276 -7.97283e-13 
9.4385 -7.94744e-13 
9.4494 -7.92218e-13 
9.4603 -7.89706e-13 
9.4712 -7.8721e-13 
9.4821 -7.84725e-13 
9.493 -7.82255e-13 
9.5039 -7.79798e-13 
9.5148 -7.77354e-13 
9.5257 -7.74924e-13 
9.5366 -7.72507e-13 
9.5475 -7.70103e-13 
9.5584 -7.67713e-13 
9.5693 -7.65335e-13 
9.5802 -7.6297e-13 
9.5911 -7.60617e-13 
9.602 -7.58277e-13 
9.6129 -7.5595e-13 
9.6238 -7.53635e-13 
9.6347 -7.51332e-13 
9.6456 -7.49042e-13 
9.6565 -7.46764e-13 
9.6674 -7.44498e-13 
9.6783 -7.42243e-13 
9.6892 -7.40001e-13 
9.7001 -7.3777e-13 
9.711 -7.35552e-13 
9.7219 -7.33344e-13 
9.7328 -7.31149e-13 
9.7437 -7.28964e-13 
9.7546 -7.26792e-13 
9.7655 -7.2463e-13 
9.7764 -7.2248e-13 
9.7873 -7.20341e-13 
9.7982 -7.18212e-13 
9.8091 -7.16095e-13 
9.82 -7.13989e-13 
9.8309 -7.11893e-13 
9.8418 -7.09809e-13 
9.8527 -7.07734e-13 
9.8636 -7.0567e-13 
9.8745 -7.03617e-13 
9.8854 -7.01575e-13 
9.8963 -6.99542e-13 
9.9072 -6.97521e-13 
9.9181 -6.95508e-13 
9.929 -6.93506e-13 
9.9399 -6.91515e-13 
9.9508 -6.89533e-13 
9.9617 -6.87561e-13 
9.9726 -6.85599e-13 
9.9835 -6.83647e-13 
9.9944 -6.81705e-13 
10.0053 -6.79771e-13 
10.0162 -6.77848e-13 
10.0271 -6.75934e-13 
10.038 -6.74029e-13 
10.0489 -6.72135e-13 
10.0598 -6.70248e-13 
10.0707 -6.68372e-13 
10.0816 -6.66505e-13 
10.0925 -6.64647e-13 
10.1034 -6.62797e-13 
10.1143 -6.60957e-13 
10.1252 -6.59126e-13 
10.1361 -6.57303e-13 
10.147 -6.55489e-13 
10.1579 -6.53684e-13 
10.1688 -6.51888e-13 
10.1797 -6.501e-13 
10.1906 -6.48321e-13 
10.2015 -6.46551e-13 
10.2124 -6.44788e-13 
10.2233 -6.43035e-13 
10.2342 -6.41289e-13 
10.2451 -6.39552e-13 
10.256 -6.37823e-13 
10.2669 -6.36102e-13 
10.2778 -6.34389e-13 
10.2887 -6.32685e-13 
10.2996 -6.30988e-13 
10.3105 -6.29299e-13 
10.3214 -6.27619e-13 
10.3323 -6.25946e-13 
10.3432 -6.2428e-13 
10.3541 -6.22623e-13 
10.365 -6.20973e-13 
10.3759 -6.19331e-13 
10.3868 -6.17696e-13 
10.3977 -6.16069e-13 
10.4086 -6.1445e-13 
10.4195 -6.12837e-13 
10.4304 -6.11233e-13 
10.4413 -6.09635e-13 
10.4522 -6.08045e-13 
10.4631 -6.06462e-13 
10.474 -6.04887e-13 
10.4849 -6.03318e-13 
10.4958 -6.01757e-13 
10.5067 -6.00202e-13 
10.5176 -5.98655e-13 
10.5285 -5.97114e-13 
10.5394 -5.95581e-13 
10.5503 -5.94054e-13 
10.5612 -5.92534e-13 
10.5721 -5.91021e-13 
10.583 -5.89515e-13 
10.5939 -5.88015e-13 
10.6048 -5.86522e-13 
10.6157 -5.85036e-13 
10.6266 -5.83556e-13 
10.6375 -5.82083e-13 
10.6484 -5.80616e-13 
10.6593 -5.79156e-13 
10.6702 -5.77702e-13 
10.6811 -5.76254e-13 
10.692 -5.74813e-13 
10.7029 -5.73378e-13 
10.7138 -5.71949e-13 
10.7247 -5.70527e-13 
10.7356 -5.6911e-13 
10.7465 -5.677e-13 
10.7574 -5.66296e-13 
10.7683 -5.64898e-13 
10.7792 -5.63506e-13 
10.7901 -5.6212e-13 
10.801 -5.6074e-13 
10.8119 -5.59365e-13 
10.8228 -5.57997e-13 
10.8337 -5.56634e-13 
10.8446 -5.55278e-13 
10.8555 -5.53927e-13 
10.8664 -5.52581e-13 
10.8773 -5.51242e-13 
10.8882 -5.49908e-13 
10.8991 -5.48579e-13 
10.91 -5.47257e-13 
10.9209 -5.45939e-13 
10.9318 -5.44628e-13 
10.9427 -5.43322e-13 
10.9536 -5.42021e-13 
10.9645 -5.40726e-13 
10.9754 -5.39436e-13 
10.9863 -5.38151e-13 
10.9972 -5.36872e-13 
11.0081 -5.35598e-13 
11.019 -5.34329e-13 
11.0299 -5.33066e-13 
11.0408 -5.31807e-13 
11.0517 -5.30554e-13 
11.0626 -5.29306e-13 
11.0735 -5.28063e-13 
11.0844 -5.26825e-13 
11.0953 -5.25592e-13 
11.1062 -5.24365e-13 
11.1171 -5.23142e-13 
11.128 -5.21924e-13 
11.1389 -5.20711e-13 
11.1498 -5.19503e-13 
11.1607 -5.183e-13 
11.1716 -5.17101e-13 
11.1825 -5.15908e-13 
11.1934 -5.14719e-13 
11.2043 -5.13535e-13 
11.2152 -5.12356e-13 
11.2261 -5.11181e-13 
11.237 -5.10011e-13 
11.2479 -5.08846e-13 
11.2588 -5.07685e-13 
11.2697 -5.06529e-13 
11.2806 -5.05378e-13 
11.2915 -5.04231e-13 
11.3024 -5.03088e-13 
11.3133 -5.0195e-13 
11.3242 -5.00817e-13 
11.3351 -4.99688e-13 
11.346 -4.98563e-13 
11.3569 -4.97443e-13 
11.3678 -4.96327e-13 
11.3787 -4.95215e-13 
11.3896 -4.94108e-13 
11.4005 -4.93005e-13 
11.4114 -4.91906e-13 
11.4223 -4.90812e-13 
11.4332 -4.89721e-13 
11.4441 -4.88635e-13 
11.455 -4.87553e-13 
11.4659 -4.86475e-13 
11.4768 -4.85402e-13 
11.4877 -4.84332e-13 
11.4986 -4.83267e-13 
11.5095 -4.82205e-13 
11.5204 -4.81148e-13 
11.5313 -4.80094e-13 
11.5422 -4.79045e-13 
11.5531 -4.77999e-13 
11.564 -4.76958e-13 
11.5749 -4.7592e-13 
11.5858 -4.74887e-13 
11.5967 -4.73857e-13 
11.6076 -4.72831e-13 
11.6185 -4.71809e-13 
11.6294 -4.7079e-13 
11.6403 -4.69776e-13 
11.6512 -4.68765e-13 
11.6621 -4.67758e-13 
11.673 -4.66754e-13 
11.6839 -4.65755e-13 
11.6948 -4.64759e-13 
11.7057 -4.63767e-13 
11.7166 -4.62778e-13 
11.7275 -4.61793e-13 
11.7384 -4.60812e-13 
11.7493 -4.59834e-13 
11.7602 -4.5886e-13 
11.7711 -4.57889e-13 
11.782 -4.56922e-13 
11.7929 -4.55958e-13 
11.8038 -4.54998e-13 
11.8147 -4.54042e-13 
11.8256 -4.53088e-13 
11.8365 -4.52139e-13 
11.8474 -4.51192e-13 
11.8583 -4.50249e-13 
11.8692 -4.4931e-13 
11.8801 -4.48374e-13 
11.891 -4.47441e-13 
11.9019 -4.46511e-13 
11.9128 -4.45585e-13 
11.9237 -4.44662e-13 
11.9346 -4.43743e-13 
11.9455 -4.42827e-13 
11.9564 -4.41913e-13 
11.9673 -4.41004e-13 
11.9782 -4.40097e-13 
11.9891 -4.39194e-13 
