0.01 -2.03647e-05 
0.0209 -1.92811e-05 
0.0318 -1.82668e-05 
0.0427 -1.73175e-05 
0.0536 -1.64294e-05 
0.0645 -1.55985e-05 
0.0754 -1.48209e-05 
0.0863 -1.40929e-05 
0.0972 -1.34112e-05 
0.1081 -1.27725e-05 
0.119 -1.21737e-05 
0.1299 -1.16119e-05 
0.1408 -1.10846e-05 
0.1517 -1.05893e-05 
0.1626 -1.01236e-05 
0.1735 -9.68551e-06 
0.1844 -9.27306e-06 
0.1953 -8.88443e-06 
0.2062 -8.51795e-06 
0.2171 -8.17208e-06 
0.228 -7.84542e-06 
0.2389 -7.53668e-06 
0.2498 -7.24463e-06 
0.2607 -6.96815e-06 
0.2716 -6.70622e-06 
0.2825 -6.45787e-06 
0.2934 -6.22225e-06 
0.3043 -5.99852e-06 
0.3152 -5.78595e-06 
0.3261 -5.58381e-06 
0.337 -5.39149e-06 
0.3479 -5.20835e-06 
0.3588 -5.03388e-06 
0.3697 -4.86752e-06 
0.3806 -4.70881e-06 
0.3915 -4.5573e-06 
0.4024 -4.41258e-06 
0.4133 -4.27426e-06 
0.4242 -4.14196e-06 
0.4351 -4.01537e-06 
0.446 -3.89415e-06 
0.4569 -3.77804e-06 
0.4678 -3.66673e-06 
0.4787 -3.55998e-06 
0.4896 -3.45756e-06 
0.5005 -3.35923e-06 
0.5114 -3.26478e-06 
0.5223 -3.17401e-06 
0.5332 -3.08675e-06 
0.5441 -3.00281e-06 
0.555 -2.92204e-06 
0.5659 -2.84426e-06 
0.5768 -2.76935e-06 
0.5877 -2.69717e-06 
0.5986 -2.62759e-06 
0.6095 -2.56047e-06 
0.6204 -2.49572e-06 
0.6313 -2.43323e-06 
0.6422 -2.37288e-06 
0.6531 -2.31459e-06 
0.664 -2.25826e-06 
0.6749 -2.20381e-06 
0.6858 -2.15115e-06 
0.6967 -2.10022e-06 
0.7076 -2.05093e-06 
0.7185 -2.00321e-06 
0.7294 -1.957e-06 
0.7403 -1.91224e-06 
0.7512 -1.86887e-06 
0.7621 -1.82683e-06 
0.773 -1.78606e-06 
0.7839 -1.74653e-06 
0.7948 -1.70817e-06 
0.8057 -1.67094e-06 
0.8166 -1.63481e-06 
0.8275 -1.59971e-06 
0.8384 -1.56563e-06 
0.8493 -1.53251e-06 
0.8602 -1.50033e-06 
0.8711 -1.46904e-06 
0.882 -1.43862e-06 
0.8929 -1.40903e-06 
0.9038 -1.38024e-06 
0.9147 -1.35223e-06 
0.9256 -1.32496e-06 
0.9365 -1.29841e-06 
0.9474 -1.27256e-06 
0.9583 -1.24737e-06 
0.9692 -1.22283e-06 
0.9801 -1.19892e-06 
0.991 -1.17561e-06 
1.0019 -1.15288e-06 
1.0128 -1.13072e-06 
1.0237 -1.1091e-06 
1.0346 -1.088e-06 
1.0455 -1.06741e-06 
1.0564 -1.04732e-06 
1.0673 -1.0277e-06 
1.0782 -1.00854e-06 
1.0891 -9.89818e-07 
1.1 -9.7153e-07 
1.1109 -9.53658e-07 
1.1218 -9.36185e-07 
1.1327 -9.19101e-07 
1.1436 -9.0239e-07 
1.1545 -8.86039e-07 
1.1654 -8.70037e-07 
1.1763 -8.54367e-07 
1.1872 -8.39015e-07 
1.1981 -8.23968e-07 
1.209 -8.09205e-07 
1.2199 -7.94708e-07 
1.2308 -7.80462e-07 
1.2417 -7.66481e-07 
1.2526 -7.52787e-07 
1.2635 -7.39392e-07 
1.2744 -7.26298e-07 
1.2853 -7.13501e-07 
1.2962 -7.00996e-07 
1.3071 -6.88778e-07 
1.318 -6.7684e-07 
1.3289 -6.65175e-07 
1.3398 -6.53774e-07 
1.3507 -6.42632e-07 
1.3616 -6.31741e-07 
1.3725 -6.21094e-07 
1.3834 -6.10683e-07 
1.3943 -6.00503e-07 
1.4052 -5.90547e-07 
1.4161 -5.80809e-07 
1.427 -5.71282e-07 
1.4379 -5.6196e-07 
1.4488 -5.52838e-07 
1.4597 -5.43909e-07 
1.4706 -5.35168e-07 
1.4815 -5.26612e-07 
1.4924 -5.18233e-07 
1.5033 -5.10027e-07 
1.5142 -5.01989e-07 
1.5251 -4.94116e-07 
1.536 -4.86401e-07 
1.5469 -4.78842e-07 
1.5578 -4.71434e-07 
1.5687 -4.64172e-07 
1.5796 -4.57053e-07 
1.5905 -4.50073e-07 
1.6014 -4.43229e-07 
1.6123 -4.36517e-07 
1.6232 -4.29933e-07 
1.6341 -4.23475e-07 
1.645 -4.17138e-07 
1.6559 -4.10921e-07 
1.6668 -4.04819e-07 
1.6777 -3.9883e-07 
1.6886 -3.92952e-07 
1.6995 -3.8718e-07 
1.7104 -3.81514e-07 
1.7213 -3.7595e-07 
1.7322 -3.70486e-07 
1.7431 -3.65119e-07 
1.754 -3.59847e-07 
1.7649 -3.54668e-07 
1.7758 -3.49579e-07 
1.7867 -3.44579e-07 
1.7976 -3.39665e-07 
1.8085 -3.34835e-07 
1.8194 -3.30088e-07 
1.8303 -3.25421e-07 
1.8412 -3.20833e-07 
1.8521 -3.16322e-07 
1.863 -3.11886e-07 
1.8739 -3.07523e-07 
1.8848 -3.03232e-07 
1.8957 -2.99011e-07 
1.9066 -2.94859e-07 
1.9175 -2.90774e-07 
1.9284 -2.86755e-07 
1.9393 -2.82799e-07 
1.9502 -2.78907e-07 
1.9611 -2.75076e-07 
1.972 -2.71305e-07 
1.9829 -2.67593e-07 
1.9938 -2.63939e-07 
2.0047 -2.60341e-07 
2.0156 -2.56798e-07 
2.0265 -2.53309e-07 
2.0374 -2.49873e-07 
2.0483 -2.46489e-07 
2.0592 -2.43156e-07 
2.0701 -2.39872e-07 
2.081 -2.36637e-07 
2.0919 -2.33449e-07 
2.1028 -2.30309e-07 
2.1137 -2.27214e-07 
2.1246 -2.24163e-07 
2.1355 -2.21157e-07 
2.1464 -2.18193e-07 
2.1573 -2.15272e-07 
2.1682 -2.12392e-07 
2.1791 -2.09552e-07 
2.19 -2.06752e-07 
2.2009 -2.0399e-07 
2.2118 -2.01267e-07 
2.2227 -1.98581e-07 
2.2336 -1.95931e-07 
2.2445 -1.93317e-07 
2.2554 -1.90738e-07 
2.2663 -1.88194e-07 
2.2772 -1.85682e-07 
2.2881 -1.83204e-07 
2.299 -1.80758e-07 
2.3099 -1.78343e-07 
2.3208 -1.7596e-07 
2.3317 -1.73606e-07 
2.3426 -1.71282e-07 
2.3535 -1.68986e-07 
2.3644 -1.66719e-07 
2.3753 -1.64479e-07 
2.3862 -1.62266e-07 
2.3971 -1.60079e-07 
2.408 -1.57917e-07 
2.4189 -1.55779e-07 
2.4298 -1.53666e-07 
2.4407 -1.51575e-07 
2.4516 -1.4951e-07 
2.4625 -1.47471e-07 
2.4734 -1.4546e-07 
2.4843 -1.43477e-07 
2.4952 -1.4152e-07 
2.5061 -1.3959e-07 
2.517 -1.37686e-07 
2.5279 -1.35807e-07 
2.5388 -1.33952e-07 
2.5497 -1.32121e-07 
2.5606 -1.30313e-07 
2.5715 -1.28527e-07 
2.5824 -1.26763e-07 
2.5933 -1.2502e-07 
2.6042 -1.23297e-07 
2.6151 -1.21594e-07 
2.626 -1.19911e-07 
2.6369 -1.18246e-07 
2.6478 -1.16599e-07 
2.6587 -1.14969e-07 
2.6696 -1.13356e-07 
2.6805 -1.11759e-07 
2.6914 -1.10178e-07 
2.7023 -1.08611e-07 
2.7132 -1.0706e-07 
2.7241 -1.05521e-07 
2.735 -1.03997e-07 
2.7459 -1.02484e-07 
2.7568 -1.00984e-07 
2.7677 -9.94953e-08 
2.7786 -9.80173e-08 
2.7895 -9.65496e-08 
2.8004 -9.50915e-08 
2.8113 -9.36425e-08 
2.8222 -9.22019e-08 
2.8331 -9.07691e-08 
2.844 -8.93434e-08 
2.8549 -8.79243e-08 
2.8658 -8.6511e-08 
2.8767 -8.51029e-08 
2.8876 -8.36993e-08 
2.8985 -8.22995e-08 
2.9094 -8.09026e-08 
2.9203 -7.95082e-08 
2.9312 -7.81153e-08 
2.9421 -7.67231e-08 
2.953 -7.5331e-08 
2.9639 -7.39379e-08 
2.9748 -7.25431e-08 
2.9857 -7.11455e-08 
2.9966 -6.97443e-08 
3.0075 -6.83385e-08 
3.0184 -6.69269e-08 
3.0293 -6.55086e-08 
3.0402 -6.40823e-08 
3.0511 -6.26467e-08 
3.062 -6.12008e-08 
3.0729 -5.97429e-08 
3.0838 -5.82718e-08 
3.0947 -5.67856e-08 
3.1056 -5.5283e-08 
3.1165 -5.37618e-08 
3.1274 -5.22202e-08 
3.1383 -5.0656e-08 
3.1492 -4.90669e-08 
3.1601 -4.74503e-08 
3.171 -4.58033e-08 
3.1819 -4.41227e-08 
3.1928 -4.24049e-08 
3.2037 -4.06458e-08 
3.2146 -3.88409e-08 
3.2255 -3.69845e-08 
3.2364 -3.50705e-08 
3.2473 -3.30914e-08 
3.2582 -3.10379e-08 
3.2691 -2.88988e-08 
3.28 -2.66602e-08 
3.2909 -2.4304e-08 
3.3018 -2.18067e-08 
3.3127 -1.91375e-08 
3.3236 -1.62598e-08 
3.3345 -1.315e-08 
3.3454 -9.92976e-09 
3.3563 -7.28522e-09 
3.3672 -5.87355e-09 
3.3781 -5.21639e-09 
3.389 -4.86133e-09 
3.3999 -4.63427e-09 
3.4108 -4.46868e-09 
3.4217 -4.3357e-09 
3.4326 -4.22148e-09 
3.4435 -4.11873e-09 
3.4544 -4.02343e-09 
3.4653 -3.93322e-09 
3.4762 -3.84666e-09 
3.4871 -3.7629e-09 
3.498 -3.68133e-09 
3.5089 -3.60164e-09 
3.5198 -3.52357e-09 
3.5307 -3.44697e-09 
3.5416 -3.37174e-09 
3.5525 -3.29783e-09 
3.5634 -3.22519e-09 
3.5743 -3.15377e-09 
3.5852 -3.08359e-09 
3.5961 -3.01461e-09 
3.607 -2.94681e-09 
3.6179 -2.88022e-09 
3.6288 -2.81481e-09 
3.6397 -2.75057e-09 
3.6506 -2.68751e-09 
3.6615 -2.62561e-09 
3.6724 -2.56487e-09 
3.6833 -2.50526e-09 
3.6942 -2.4468e-09 
3.7051 -2.38947e-09 
3.716 -2.33327e-09 
3.7269 -2.27815e-09 
3.7378 -2.22414e-09 
3.7487 -2.17122e-09 
3.7596 -2.11935e-09 
3.7705 -2.06855e-09 
3.7814 -2.0188e-09 
3.7923 -1.97007e-09 
3.8032 -1.92235e-09 
3.8141 -1.87564e-09 
3.825 -1.82991e-09 
3.8359 -1.78516e-09 
3.8468 -1.74136e-09 
3.8577 -1.6985e-09 
3.8686 -1.65657e-09 
3.8795 -1.61555e-09 
3.8904 -1.57543e-09 
3.9013 -1.53619e-09 
3.9122 -1.49782e-09 
3.9231 -1.4603e-09 
3.934 -1.42362e-09 
3.9449 -1.38776e-09 
3.9558 -1.35271e-09 
3.9667 -1.31846e-09 
3.9776 -1.285e-09 
3.9885 -1.2523e-09 
3.9994 -1.22036e-09 
4.0103 -1.18916e-09 
4.0212 -1.1587e-09 
4.0321 -1.12895e-09 
4.043 -1.09991e-09 
4.0539 -1.07156e-09 
4.0648 -1.04389e-09 
4.0757 -1.01689e-09 
4.0866 -9.90554e-10 
4.0975 -9.64868e-10 
4.1084 -9.3982e-10 
4.1193 -9.15401e-10 
4.1302 -8.91605e-10 
4.1411 -8.6842e-10 
4.152 -8.45836e-10 
4.1629 -8.23851e-10 
4.1738 -8.02457e-10 
4.1847 -7.81646e-10 
4.1956 -7.61417e-10 
4.2065 -7.41765e-10 
4.2174 -7.22694e-10 
4.2283 -7.04206e-10 
4.2392 -6.86304e-10 
4.2501 -6.69008e-10 
4.261 -6.5233e-10 
4.2719 -6.36235e-10 
4.2828 -6.20636e-10 
4.2937 -6.05445e-10 
4.3046 -5.90621e-10 
4.3155 -5.76139e-10 
4.3264 -5.6198e-10 
4.3373 -5.48136e-10 
4.3482 -5.34592e-10 
4.3591 -5.21341e-10 
4.37 -5.08377e-10 
4.3809 -4.95692e-10 
4.3918 -4.83279e-10 
4.4027 -4.71133e-10 
4.4136 -4.59246e-10 
4.4245 -4.47614e-10 
4.4354 -4.36231e-10 
4.4463 -4.25091e-10 
4.4572 -4.14191e-10 
4.4681 -4.03523e-10 
4.479 -3.93086e-10 
4.4899 -3.82871e-10 
4.5008 -3.72877e-10 
4.5117 -3.63098e-10 
4.5226 -3.5353e-10 
4.5335 -3.44168e-10 
4.5444 -3.35009e-10 
4.5553 -3.26047e-10 
4.5662 -3.1728e-10 
4.5771 -3.08703e-10 
4.588 -3.00315e-10 
4.5989 -2.92108e-10 
4.6098 -2.84082e-10 
4.6207 -2.76232e-10 
4.6316 -2.68554e-10 
4.6425 -2.61045e-10 
4.6534 -2.53703e-10 
4.6643 -2.46522e-10 
4.6752 -2.39502e-10 
4.6861 -2.32639e-10 
4.697 -2.25927e-10 
4.7079 -2.19366e-10 
4.7188 -2.12953e-10 
4.7297 -2.06684e-10 
4.7406 -2.00558e-10 
4.7515 -1.9457e-10 
4.7624 -1.88719e-10 
4.7733 -1.83003e-10 
4.7842 -1.77417e-10 
4.7951 -1.71961e-10 
4.806 -1.6663e-10 
4.8169 -1.61424e-10 
4.8278 -1.5634e-10 
4.8387 -1.51375e-10 
4.8496 -1.46526e-10 
4.8605 -1.41793e-10 
4.8714 -1.37173e-10 
4.8823 -1.32663e-10 
4.8932 -1.28263e-10 
4.9041 -1.23969e-10 
4.915 -1.19779e-10 
4.9259 -1.15692e-10 
4.9368 -1.11706e-10 
4.9477 -1.07819e-10 
4.9586 -1.04029e-10 
4.9695 -1.00335e-10 
4.9804 -9.6735e-11 
4.9913 -9.32266e-11 
5.0022 -8.98084e-11 
5.0131 -8.64794e-11 
5.024 -8.32374e-11 
5.0349 -8.00812e-11 
5.0458 -7.70094e-11 
5.0567 -7.40202e-11 
5.0676 -7.11126e-11 
5.0785 -6.82846e-11 
5.0894 -6.55356e-11 
5.1003 -6.28638e-11 
5.1112 -6.02681e-11 
5.1221 -5.77474e-11 
5.133 -5.52998e-11 
5.1439 -5.29249e-11 
5.1548 -5.06216e-11 
5.1657 -4.83884e-11 
5.1766 -4.62241e-11 
5.1875 -4.41283e-11 
5.1984 -4.20994e-11 
5.2093 -4.01371e-11 
5.2202 -3.82401e-11 
5.2311 -3.64075e-11 
5.242 -3.46387e-11 
5.2529 -3.29329e-11 
5.2638 -3.12892e-11 
5.2747 -2.97074e-11 
5.2856 -2.81867e-11 
5.2965 -2.67264e-11 
5.3074 -2.53262e-11 
5.3183 -2.39857e-11 
5.3292 -2.27048e-11 
5.3401 -2.14831e-11 
5.351 -2.03206e-11 
5.3619 -1.92175e-11 
5.3728 -1.8174e-11 
5.3837 -1.71906e-11 
5.3946 -1.62679e-11 
5.4055 -1.54071e-11 
5.4164 -1.46097e-11 
5.4273 -1.38776e-11 
5.4382 -1.32139e-11 
5.4491 -1.26224e-11 
5.46 -1.2109e-11 
5.4709 -1.16804e-11 
5.4818 -1.1339e-11 
5.4927 -1.10672e-11 
5.5036 -1.08366e-11 
5.5145 -1.06302e-11 
5.5254 -1.04397e-11 
5.5363 -1.02607e-11 
5.5472 -1.00908e-11 
5.5581 -9.92832e-12 
5.569 -9.7721e-12 
5.5799 -9.62139e-12 
5.5908 -9.47557e-12 
5.6017 -9.33417e-12 
5.6126 -9.19676e-12 
5.6235 -9.06308e-12 
5.6344 -8.93284e-12 
5.6453 -8.80582e-12 
5.6562 -8.68182e-12 
5.6671 -8.56067e-12 
5.678 -8.44228e-12 
5.6889 -8.32647e-12 
5.6998 -8.2131e-12 
5.7107 -8.10211e-12 
5.7216 -7.99339e-12 
5.7325 -7.88684e-12 
5.7434 -7.78244e-12 
5.7543 -7.68001e-12 
5.7652 -7.57953e-12 
5.7761 -7.48096e-12 
5.787 -7.38422e-12 
5.7979 -7.28924e-12 
5.8088 -7.19601e-12 
5.8197 -7.10442e-12 
5.8306 -7.01448e-12 
5.8415 -6.92609e-12 
5.8524 -6.83925e-12 
5.8633 -6.7539e-12 
5.8742 -6.67001e-12 
5.8851 -6.58753e-12 
5.896 -6.50645e-12 
5.9069 -6.42673e-12 
5.9178 -6.34831e-12 
5.9287 -6.27116e-12 
5.9396 -6.19528e-12 
5.9505 -6.12063e-12 
5.9614 -6.04717e-12 
5.9723 -5.97492e-12 
5.9832 -5.90379e-12 
5.9941 -5.83378e-12 
6.005 -5.76487e-12 
6.0159 -5.69702e-12 
6.0268 -5.63023e-12 
6.0377 -5.56451e-12 
6.0486 -5.49976e-12 
6.0595 -5.43599e-12 
6.0704 -5.37319e-12 
6.0813 -5.31137e-12 
6.0922 -5.25044e-12 
6.1031 -5.19046e-12 
6.114 -5.13135e-12 
6.1249 -5.07313e-12 
6.1358 -5.01575e-12 
6.1467 -4.95922e-12 
6.1576 -4.90355e-12 
6.1685 -4.84866e-12 
6.1794 -4.79454e-12 
6.1903 -4.74125e-12 
6.2012 -4.68871e-12 
6.2121 -4.6369e-12 
6.223 -4.58586e-12 
6.2339 -4.53553e-12 
6.2448 -4.48592e-12 
6.2557 -4.43701e-12 
6.2666 -4.38878e-12 
6.2775 -4.34123e-12 
6.2884 -4.29436e-12 
6.2993 -4.24812e-12 
6.3102 -4.20253e-12 
6.3211 -4.15757e-12 
6.332 -4.11321e-12 
6.3429 -4.06948e-12 
6.3538 -4.02633e-12 
6.3647 -3.98379e-12 
6.3756 -3.94182e-12 
6.3865 -3.90041e-12 
6.3974 -3.85956e-12 
6.4083 -3.81926e-12 
6.4192 -3.7795e-12 
6.4301 -3.74027e-12 
6.441 -3.70157e-12 
6.4519 -3.66337e-12 
6.4628 -3.62568e-12 
6.4737 -3.5885e-12 
6.4846 -3.55179e-12 
6.4955 -3.51557e-12 
6.5064 -3.47983e-12 
6.5173 -3.44453e-12 
6.5282 -3.40971e-12 
6.5391 -3.37535e-12 
6.55 -3.34142e-12 
6.5609 -3.30793e-12 
6.5718 -3.27485e-12 
6.5827 -3.24221e-12 
6.5936 -3.21e-12 
6.6045 -3.17818e-12 
6.6154 -3.14676e-12 
6.6263 -3.11577e-12 
6.6372 -3.08514e-12 
6.6481 -3.05492e-12 
6.659 -3.02505e-12 
6.6699 -2.99556e-12 
6.6808 -2.96646e-12 
6.6917 -2.93772e-12 
6.7026 -2.90932e-12 
6.7135 -2.88127e-12 
6.7244 -2.85358e-12 
6.7353 -2.82622e-12 
6.7462 -2.79921e-12 
6.7571 -2.77251e-12 
6.768 -2.74615e-12 
6.7789 -2.72011e-12 
6.7898 -2.69439e-12 
6.8007 -2.66898e-12 
6.8116 -2.64388e-12 
6.8225 -2.61907e-12 
6.8334 -2.59458e-12 
6.8443 -2.57036e-12 
6.8552 -2.54645e-12 
6.8661 -2.52282e-12 
6.877 -2.49946e-12 
6.8879 -2.4764e-12 
6.8988 -2.45359e-12 
6.9097 -2.43105e-12 
6.9206 -2.40879e-12 
6.9315 -2.38678e-12 
6.9424 -2.36504e-12 
6.9533 -2.34355e-12 
6.9642 -2.32231e-12 
6.9751 -2.30131e-12 
6.986 -2.28057e-12 
6.9969 -2.26006e-12 
7.0078 -2.2398e-12 
7.0187 -2.21976e-12 
7.0296 -2.19995e-12 
7.0405 -2.18038e-12 
7.0514 -2.16103e-12 
7.0623 -2.1419e-12 
7.0732 -2.12298e-12 
7.0841 -2.10428e-12 
7.095 -2.08579e-12 
7.1059 -2.06752e-12 
7.1168 -2.04945e-12 
7.1277 -2.03159e-12 
7.1386 -2.01392e-12 
7.1495 -1.99646e-12 
7.1604 -1.97918e-12 
7.1713 -1.96211e-12 
7.1822 -1.94522e-12 
7.1931 -1.92852e-12 
7.204 -1.91201e-12 
7.2149 -1.89568e-12 
7.2258 -1.87952e-12 
7.2367 -1.86355e-12 
7.2476 -1.84776e-12 
7.2585 -1.83213e-12 
7.2694 -1.81668e-12 
7.2803 -1.8014e-12 
7.2912 -1.78628e-12 
7.3021 -1.77133e-12 
7.313 -1.75654e-12 
7.3239 -1.74191e-12 
7.3348 -1.72745e-12 
7.3457 -1.71313e-12 
7.3566 -1.69896e-12 
7.3675 -1.68496e-12 
7.3784 -1.6711e-12 
7.3893 -1.65739e-12 
7.4002 -1.64382e-12 
7.4111 -1.63041e-12 
7.422 -1.61713e-12 
7.4329 -1.604e-12 
7.4438 -1.591e-12 
7.4547 -1.57814e-12 
7.4656 -1.56542e-12 
7.4765 -1.55283e-12 
7.4874 -1.54037e-12 
7.4983 -1.52804e-12 
7.5092 -1.51584e-12 
7.5201 -1.50377e-12 
7.531 -1.49183e-12 
7.5419 -1.48e-12 
7.5528 -1.4683e-12 
7.5637 -1.45672e-12 
7.5746 -1.44527e-12 
7.5855 -1.43392e-12 
7.5964 -1.4227e-12 
7.6073 -1.41159e-12 
7.6182 -1.40059e-12 
7.6291 -1.38972e-12 
7.64 -1.37894e-12 
7.6509 -1.36828e-12 
7.6618 -1.35773e-12 
7.6727 -1.34728e-12 
7.6836 -1.33694e-12 
7.6945 -1.32671e-12 
7.7054 -1.31657e-12 
7.7163 -1.30654e-12 
7.7272 -1.29661e-12 
7.7381 -1.28677e-12 
7.749 -1.27705e-12 
7.7599 -1.26741e-12 
7.7708 -1.25787e-12 
7.7817 -1.24842e-12 
7.7926 -1.23907e-12 
7.8035 -1.22981e-12 
7.8144 -1.22064e-12 
7.8253 -1.21157e-12 
7.8362 -1.20258e-12 
7.8471 -1.19368e-12 
7.858 -1.18487e-12 
7.8689 -1.17614e-12 
7.8798 -1.1675e-12 
7.8907 -1.15895e-12 
7.9016 -1.15047e-12 
7.9125 -1.14208e-12 
7.9234 -1.13377e-12 
7.9343 -1.12554e-12 
7.9452 -1.11738e-12 
7.9561 -1.10932e-12 
7.967 -1.10132e-12 
7.9779 -1.0934e-12 
7.9888 -1.08556e-12 
7.9997 -1.07779e-12 
8.0106 -1.0701e-12 
8.0215 -1.06248e-12 
8.0324 -1.05493e-12 
8.0433 -1.04746e-12 
8.0542 -1.04006e-12 
8.0651 -1.03272e-12 
8.076 -1.02545e-12 
8.0869 -1.01826e-12 
8.0978 -1.01113e-12 
8.1087 -1.00406e-12 
8.1196 -9.97068e-13 
8.1305 -9.90135e-13 
8.1414 -9.83269e-13 
8.1523 -9.76466e-13 
8.1632 -9.69726e-13 
8.1741 -9.63052e-13 
8.185 -9.56433e-13 
8.1959 -9.49877e-13 
8.2068 -9.43386e-13 
8.2177 -9.36951e-13 
8.2286 -9.30574e-13 
8.2395 -9.24263e-13 
8.2504 -9.18004e-13 
8.2613 -9.11802e-13 
8.2722 -9.05654e-13 
8.2831 -8.99567e-13 
8.294 -8.93531e-13 
8.3049 -8.87556e-13 
8.3158 -8.81627e-13 
8.3267 -8.75757e-13 
8.3376 -8.6994e-13 
8.3485 -8.64173e-13 
8.3594 -8.58458e-13 
8.3703 -8.52795e-13 
8.3812 -8.47183e-13 
8.3921 -8.41622e-13 
8.403 -8.36108e-13 
8.4139 -8.30646e-13 
8.4248 -8.25231e-13 
8.4357 -8.19867e-13 
8.4466 -8.14545e-13 
8.4575 -8.09272e-13 
8.4684 -8.04047e-13 
8.4793 -7.98868e-13 
8.4902 -7.93732e-13 
8.5011 -7.88642e-13 
8.512 -7.83599e-13 
8.5229 -7.78598e-13 
8.5338 -7.73641e-13 
8.5447 -7.68726e-13 
8.5556 -7.63858e-13 
8.5665 -7.59027e-13 
8.5774 -7.54244e-13 
8.5883 -7.49495e-13 
8.5992 -7.44791e-13 
8.6101 -7.40128e-13 
8.621 -7.35505e-13 
8.6319 -7.30922e-13 
8.6428 -7.26375e-13 
8.6537 -7.2187e-13 
8.6646 -7.17401e-13 
8.6755 -7.12972e-13 
8.6864 -7.08582e-13 
8.6973 -7.04226e-13 
8.7082 -6.9991e-13 
8.7191 -6.9563e-13 
8.73 -6.91386e-13 
8.7409 -6.87176e-13 
8.7518 -6.83003e-13 
8.7627 -6.78865e-13 
8.7736 -6.74762e-13 
8.7845 -6.70694e-13 
8.7954 -6.66658e-13 
8.8063 -6.62655e-13 
8.8172 -6.58687e-13 
8.8281 -6.54754e-13 
8.839 -6.50852e-13 
8.8499 -6.46981e-13 
8.8608 -6.43142e-13 
8.8717 -6.39335e-13 
8.8826 -6.35562e-13 
8.8935 -6.31819e-13 
8.9044 -6.28105e-13 
8.9153 -6.24423e-13 
8.9262 -6.20771e-13 
8.9371 -6.17148e-13 
8.948 -6.13556e-13 
8.9589 -6.09991e-13 
8.9698 -6.06456e-13 
8.9807 -6.02949e-13 
8.9916 -5.99473e-13 
9.0025 -5.96022e-13 
9.0134 -5.92601e-13 
9.0243 -5.89209e-13 
9.0352 -5.85842e-13 
9.0461 -5.82501e-13 
9.057 -5.79189e-13 
9.0679 -5.75903e-13 
9.0788 -5.72643e-13 
9.0897 -5.69408e-13 
9.1006 -5.662e-13 
9.1115 -5.63017e-13 
9.1224 -5.5986e-13 
9.1333 -5.56728e-13 
9.1442 -5.5362e-13 
9.1551 -5.50537e-13 
9.166 -5.47478e-13 
9.1769 -5.44443e-13 
9.1878 -5.41433e-13 
9.1987 -5.38445e-13 
9.2096 -5.35481e-13 
9.2205 -5.32541e-13 
9.2314 -5.29623e-13 
9.2423 -5.26728e-13 
9.2532 -5.23855e-13 
9.2641 -5.21005e-13 
9.275 -5.18177e-13 
9.2859 -5.15371e-13 
9.2968 -5.12586e-13 
9.3077 -5.09823e-13 
9.3186 -5.07082e-13 
9.3295 -5.04361e-13 
9.3404 -5.01661e-13 
9.3513 -4.98982e-13 
9.3622 -4.96323e-13 
9.3731 -4.93684e-13 
9.384 -4.91066e-13 
9.3949 -4.88468e-13 
9.4058 -4.85889e-13 
9.4167 -4.8333e-13 
9.4276 -4.80791e-13 
9.4385 -4.7827e-13 
9.4494 -4.75768e-13 
9.4603 -4.73286e-13 
9.4712 -4.70822e-13 
9.4821 -4.68376e-13 
9.493 -4.65949e-13 
9.5039 -4.6354e-13 
9.5148 -4.61149e-13 
9.5257 -4.58776e-13 
9.5366 -4.5642e-13 
9.5475 -4.54082e-13 
9.5584 -4.51762e-13 
9.5693 -4.49458e-13 
9.5802 -4.47172e-13 
9.5911 -4.44902e-13 
9.602 -4.42649e-13 
9.6129 -4.40413e-13 
9.6238 -4.38193e-13 
9.6347 -4.3599e-13 
9.6456 -4.33802e-13 
9.6565 -4.31631e-13 
9.6674 -4.29475e-13 
9.6783 -4.27335e-13 
9.6892 -4.25211e-13 
9.7001 -4.23102e-13 
9.711 -4.21008e-13 
9.7219 -4.18929e-13 
9.7328 -4.16866e-13 
9.7437 -4.14817e-13 
9.7546 -4.12783e-13 
9.7655 -4.10764e-13 
9.7764 -4.08759e-13 
9.7873 -4.06769e-13 
9.7982 -4.04792e-13 
9.8091 -4.0283e-13 
9.82 -4.00882e-13 
9.8309 -3.98948e-13 
9.8418 -3.97027e-13 
9.8527 -3.95121e-13 
9.8636 -3.93227e-13 
9.8745 -3.91348e-13 
9.8854 -3.89481e-13 
9.8963 -3.87627e-13 
9.9072 -3.85786e-13 
9.9181 -3.83959e-13 
9.929 -3.82144e-13 
9.9399 -3.80342e-13 
9.9508 -3.78552e-13 
9.9617 -3.76775e-13 
9.9726 -3.7501e-13 
9.9835 -3.73258e-13 
9.9944 -3.71518e-13 
10.0053 -3.6979e-13 
10.0162 -3.68073e-13 
10.0271 -3.66369e-13 
10.038 -3.64676e-13 
10.0489 -3.62995e-13 
10.0598 -3.61325e-13 
10.0707 -3.59668e-13 
10.0816 -3.58021e-13 
10.0925 -3.56386e-13 
10.1034 -3.54762e-13 
10.1143 -3.53148e-13 
10.1252 -3.51546e-13 
10.1361 -3.49955e-13 
10.147 -3.48374e-13 
10.1579 -3.46805e-13 
10.1688 -3.45246e-13 
10.1797 -3.43697e-13 
10.1906 -3.42159e-13 
10.2015 -3.40631e-13 
10.2124 -3.39113e-13 
10.2233 -3.37606e-13 
10.2342 -3.36109e-13 
10.2451 -3.34621e-13 
10.256 -3.33144e-13 
10.2669 -3.31676e-13 
10.2778 -3.30218e-13 
10.2887 -3.2877e-13 
10.2996 -3.27332e-13 
10.3105 -3.25903e-13 
10.3214 -3.24483e-13 
10.3323 -3.23073e-13 
10.3432 -3.21672e-13 
10.3541 -3.2028e-13 
10.365 -3.18898e-13 
10.3759 -3.17524e-13 
10.3868 -3.1616e-13 
10.3977 -3.14804e-13 
10.4086 -3.13457e-13 
10.4195 -3.12119e-13 
10.4304 -3.1079e-13 
10.4413 -3.09469e-13 
10.4522 -3.08157e-13 
10.4631 -3.06853e-13 
10.474 -3.05558e-13 
10.4849 -3.04271e-13 
10.4958 -3.02993e-13 
10.5067 -3.01722e-13 
10.5176 -3.0046e-13 
10.5285 -2.99206e-13 
10.5394 -2.9796e-13 
10.5503 -2.96722e-13 
10.5612 -2.95492e-13 
10.5721 -2.94269e-13 
10.583 -2.93054e-13 
10.5939 -2.91847e-13 
10.6048 -2.90648e-13 
10.6157 -2.89456e-13 
10.6266 -2.88272e-13 
10.6375 -2.87095e-13 
10.6484 -2.85926e-13 
10.6593 -2.84764e-13 
10.6702 -2.83609e-13 
10.6811 -2.82462e-13 
10.692 -2.81321e-13 
10.7029 -2.80188e-13 
10.7138 -2.79062e-13 
10.7247 -2.77943e-13 
10.7356 -2.76831e-13 
10.7465 -2.75725e-13 
10.7574 -2.74627e-13 
10.7683 -2.73535e-13 
10.7792 -2.7245e-13 
10.7901 -2.71372e-13 
10.801 -2.703e-13 
10.8119 -2.69235e-13 
10.8228 -2.68177e-13 
10.8337 -2.67125e-13 
10.8446 -2.66079e-13 
10.8555 -2.6504e-13 
10.8664 -2.64007e-13 
10.8773 -2.62981e-13 
10.8882 -2.6196e-13 
10.8991 -2.60946e-13 
10.91 -2.59938e-13 
10.9209 -2.58936e-13 
10.9318 -2.5794e-13 
10.9427 -2.5695e-13 
10.9536 -2.55966e-13 
10.9645 -2.54988e-13 
10.9754 -2.54016e-13 
10.9863 -2.53049e-13 
10.9972 -2.52089e-13 
11.0081 -2.51134e-13 
11.019 -2.50185e-13 
11.0299 -2.49241e-13 
11.0408 -2.48303e-13 
11.0517 -2.47371e-13 
11.0626 -2.46444e-13 
11.0735 -2.45523e-13 
11.0844 -2.44607e-13 
11.0953 -2.43696e-13 
11.1062 -2.42791e-13 
11.1171 -2.41891e-13 
11.128 -2.40996e-13 
11.1389 -2.40107e-13 
11.1498 -2.39223e-13 
11.1607 -2.38344e-13 
11.1716 -2.3747e-13 
11.1825 -2.36601e-13 
11.1934 -2.35737e-13 
11.2043 -2.34878e-13 
11.2152 -2.34024e-13 
11.2261 -2.33175e-13 
11.237 -2.32332e-13 
11.2479 -2.31492e-13 
11.2588 -2.30658e-13 
11.2697 -2.29829e-13 
11.2806 -2.29004e-13 
11.2915 -2.28183e-13 
11.3024 -2.27368e-13 
11.3133 -2.26558e-13 
11.3242 -2.25751e-13 
11.3351 -2.2495e-13 
11.346 -2.24153e-13 
11.3569 -2.23361e-13 
11.3678 -2.22573e-13 
11.3787 -2.21789e-13 
11.3896 -2.2101e-13 
11.4005 -2.20235e-13 
11.4114 -2.19465e-13 
11.4223 -2.18699e-13 
11.4332 -2.17937e-13 
11.4441 -2.17179e-13 
11.455 -2.16426e-13 
11.4659 -2.15677e-13 
11.4768 -2.14932e-13 
11.4877 -2.14192e-13 
11.4986 -2.13455e-13 
11.5095 -2.12722e-13 
11.5204 -2.11993e-13 
11.5313 -2.11269e-13 
11.5422 -2.10549e-13 
11.5531 -2.09832e-13 
11.564 -2.09119e-13 
11.5749 -2.08411e-13 
11.5858 -2.07706e-13 
11.5967 -2.07005e-13 
11.6076 -2.06308e-13 
11.6185 -2.05615e-13 
11.6294 -2.04925e-13 
11.6403 -2.04239e-13 
11.6512 -2.03557e-13 
11.6621 -2.02879e-13 
11.673 -2.02204e-13 
11.6839 -2.01533e-13 
11.6948 -2.00866e-13 
11.7057 -2.00202e-13 
11.7166 -1.99541e-13 
11.7275 -1.98885e-13 
11.7384 -1.98231e-13 
11.7493 -1.97582e-13 
11.7602 -1.96935e-13 
11.7711 -1.96293e-13 
11.782 -1.95653e-13 
11.7929 -1.95017e-13 
11.8038 -1.94385e-13 
11.8147 -1.93755e-13 
11.8256 -1.93129e-13 
11.8365 -1.92507e-13 
11.8474 -1.91887e-13 
11.8583 -1.91271e-13 
11.8692 -1.90658e-13 
11.8801 -1.90049e-13 
11.891 -1.89442e-13 
11.9019 -1.88839e-13 
11.9128 -1.88239e-13 
11.9237 -1.87642e-13 
11.9346 -1.87048e-13 
11.9455 -1.86457e-13 
11.9564 -1.85869e-13 
11.9673 -1.85285e-13 
11.9782 -1.84703e-13 
11.9891 -1.84124e-13 
