0.01 -2.86778e-05 
0.0209 -5.62164e-06 
0.0318 -2.34169e-06 
0.0427 -1.2959e-06 
0.0536 -8.4168e-07 
0.0645 -6.19032e-07 
0.0754 -5.39908e-07 
0.0863 -7.06629e-07 
0.0972 -6.70582e-07 
0.1081 -5.05227e-07 
0.119 -4.74132e-07 
0.1299 -4.58964e-07 
0.1408 -4.41681e-07 
0.1517 -4.22317e-07 
0.1626 -4.02233e-07 
0.1735 -3.82354e-07 
0.1844 -3.63187e-07 
0.1953 -3.44979e-07 
0.2062 -3.27828e-07 
0.2171 -3.11747e-07 
0.228 -2.96703e-07 
0.2389 -2.82643e-07 
0.2498 -2.69502e-07 
0.2607 -2.57212e-07 
0.2716 -2.45704e-07 
0.2825 -2.3492e-07 
0.2934 -2.24795e-07 
0.3043 -2.1528e-07 
0.3152 -2.06323e-07 
0.3261 -1.97878e-07 
0.337 -1.89906e-07 
0.3479 -1.82368e-07 
0.3588 -1.75232e-07 
0.3697 -1.68467e-07 
0.3806 -1.62045e-07 
0.3915 -1.55942e-07 
0.4024 -1.50134e-07 
0.4133 -1.44602e-07 
0.4242 -1.39325e-07 
0.4351 -1.34287e-07 
0.446 -1.29474e-07 
0.4569 -1.24869e-07 
0.4678 -1.20461e-07 
0.4787 -1.16236e-07 
0.4896 -1.12185e-07 
0.5005 -1.08296e-07 
0.5114 -1.0456e-07 
0.5223 -1.0097e-07 
0.5332 -9.75154e-08 
0.5441 -9.419e-08 
0.555 -9.09863e-08 
0.5659 -8.78985e-08 
0.5768 -8.49202e-08 
0.5877 -8.20452e-08 
0.5986 -7.92694e-08 
0.6095 -7.65867e-08 
0.6204 -7.39924e-08 
0.6313 -7.14828e-08 
0.6422 -6.90528e-08 
0.6531 -6.66993e-08 
0.664 -6.44174e-08 
0.6749 -6.22039e-08 
0.6858 -6.00548e-08 
0.6967 -5.7967e-08 
0.7076 -5.59368e-08 
0.7185 -5.39604e-08 
0.7294 -5.20345e-08 
0.7403 -5.01554e-08 
0.7512 -4.83183e-08 
0.7621 -4.65197e-08 
0.773 -4.47535e-08 
0.7839 -4.30132e-08 
0.7948 -4.12905e-08 
0.8057 -3.95768e-08 
0.8166 -3.7875e-08 
0.8275 -3.62059e-08 
0.8384 -3.45875e-08 
0.8493 -3.3029e-08 
0.8602 -3.15344e-08 
0.8711 -3.01055e-08 
0.882 -2.87427e-08 
0.8929 -2.74452e-08 
0.9038 -2.6213e-08 
0.9147 -2.50493e-08 
0.9256 -2.39846e-08 
0.9365 -2.3001e-08 
0.9474 -2.20911e-08 
0.9583 -2.12498e-08 
0.9692 -2.04751e-08 
0.9801 -1.97648e-08 
0.991 -1.91182e-08 
1.0019 -1.8535e-08 
1.0128 -1.80142e-08 
1.0237 -1.75478e-08 
1.0346 -1.71179e-08 
1.0455 -1.67112e-08 
1.0564 -1.63215e-08 
1.0673 -1.59458e-08 
1.0782 -1.55824e-08 
1.0891 -1.52304e-08 
1.1 -1.48889e-08 
1.1109 -1.45575e-08 
1.1218 -1.42355e-08 
1.1327 -1.39227e-08 
1.1436 -1.36187e-08 
1.1545 -1.3323e-08 
1.1654 -1.30356e-08 
1.1763 -1.27559e-08 
1.1872 -1.24839e-08 
1.1981 -1.22192e-08 
1.209 -1.19616e-08 
1.2199 -1.17108e-08 
1.2308 -1.14667e-08 
1.2417 -1.12291e-08 
1.2526 -1.09977e-08 
1.2635 -1.07724e-08 
1.2744 -1.05529e-08 
1.2853 -1.03391e-08 
1.2962 -1.01309e-08 
1.3071 -9.92796e-09 
1.318 -9.73025e-09 
1.3289 -9.53758e-09 
1.3398 -9.34981e-09 
1.3507 -9.16675e-09 
1.3616 -8.98832e-09 
1.3725 -8.81435e-09 
1.3834 -8.64472e-09 
1.3943 -8.47927e-09 
1.4052 -8.31796e-09 
1.4161 -8.16058e-09 
1.427 -8.00706e-09 
1.4379 -7.8573e-09 
1.4488 -7.71118e-09 
1.4597 -7.56858e-09 
1.4706 -7.42941e-09 
1.4815 -7.29358e-09 
1.4924 -7.16098e-09 
1.5033 -7.03156e-09 
1.5142 -6.90518e-09 
1.5251 -6.78178e-09 
1.536 -6.66126e-09 
1.5469 -6.54358e-09 
1.5578 -6.42861e-09 
1.5687 -6.3163e-09 
1.5796 -6.2066e-09 
1.5905 -6.09939e-09 
1.6014 -5.99465e-09 
1.6123 -5.89225e-09 
1.6232 -5.79222e-09 
1.6341 -5.6944e-09 
1.645 -5.59879e-09 
1.6559 -5.5053e-09 
1.6668 -5.4139e-09 
1.6777 -5.32453e-09 
1.6886 -5.2371e-09 
1.6995 -5.15161e-09 
1.7104 -5.06796e-09 
1.7213 -4.98616e-09 
1.7322 -4.90611e-09 
1.7431 -4.82777e-09 
1.754 -4.75111e-09 
1.7649 -4.67608e-09 
1.7758 -4.60266e-09 
1.7867 -4.53079e-09 
1.7976 -4.46039e-09 
1.8085 -4.3915e-09 
1.8194 -4.32403e-09 
1.8303 -4.25796e-09 
1.8412 -4.19325e-09 
1.8521 -4.12987e-09 
1.863 -4.06777e-09 
1.8739 -4.00695e-09 
1.8848 -3.94735e-09 
1.8957 -3.88895e-09 
1.9066 -3.83171e-09 
1.9175 -3.77561e-09 
1.9284 -3.72062e-09 
1.9393 -3.66672e-09 
1.9502 -3.61387e-09 
1.9611 -3.56205e-09 
1.972 -3.51123e-09 
1.9829 -3.4614e-09 
1.9938 -3.41251e-09 
2.0047 -3.36456e-09 
2.0156 -3.31752e-09 
2.0265 -3.27137e-09 
2.0374 -3.22608e-09 
2.0483 -3.18163e-09 
2.0592 -3.13801e-09 
2.0701 -3.09519e-09 
2.081 -3.05315e-09 
2.0919 -3.01188e-09 
2.1028 -2.97135e-09 
2.1137 -2.93155e-09 
2.1246 -2.89246e-09 
2.1355 -2.85405e-09 
2.1464 -2.81632e-09 
2.1573 -2.77926e-09 
2.1682 -2.74284e-09 
2.1791 -2.70704e-09 
2.19 -2.67185e-09 
2.2009 -2.63726e-09 
2.2118 -2.60324e-09 
2.2227 -2.5698e-09 
2.2336 -2.53691e-09 
2.2445 -2.50455e-09 
2.2554 -2.47271e-09 
2.2663 -2.4414e-09 
2.2772 -2.41056e-09 
2.2881 -2.38022e-09 
2.299 -2.35035e-09 
2.3099 -2.32094e-09 
2.3208 -2.29196e-09 
2.3317 -2.26343e-09 
2.3426 -2.23531e-09 
2.3535 -2.2076e-09 
2.3644 -2.18028e-09 
2.3753 -2.15334e-09 
2.3862 -2.12678e-09 
2.3971 -2.10056e-09 
2.408 -2.0747e-09 
2.4189 -2.04916e-09 
2.4298 -2.02394e-09 
2.4407 -1.99903e-09 
2.4516 -1.9744e-09 
2.4625 -1.95005e-09 
2.4734 -1.92595e-09 
2.4843 -1.9021e-09 
2.4952 -1.87848e-09 
2.5061 -1.85505e-09 
2.517 -1.83182e-09 
2.5279 -1.80874e-09 
2.5388 -1.7858e-09 
2.5497 -1.76296e-09 
2.5606 -1.74019e-09 
2.5715 -1.71744e-09 
2.5824 -1.69466e-09 
2.5933 -1.67178e-09 
2.6042 -1.64869e-09 
2.6151 -1.62529e-09 
2.626 -1.6014e-09 
2.6369 -1.57704e-09 
2.6478 -1.55258e-09 
2.6587 -1.52844e-09 
2.6696 -1.50482e-09 
2.6805 -1.48187e-09 
2.6914 -1.45964e-09 
2.7023 -1.43816e-09 
2.7132 -1.41746e-09 
2.7241 -1.39755e-09 
2.735 -1.37846e-09 
2.7459 -1.36088e-09 
2.7568 -1.34465e-09 
2.7677 -1.32957e-09 
2.7786 -1.31559e-09 
2.7895 -1.30267e-09 
2.8004 -1.29083e-09 
2.8113 -1.28007e-09 
2.8222 -1.27043e-09 
2.8331 -1.26194e-09 
2.844 -1.25453e-09 
2.8549 -1.24786e-09 
2.8658 -1.24158e-09 
2.8767 -1.23551e-09 
2.8876 -1.22958e-09 
2.8985 -1.22376e-09 
2.9094 -1.21801e-09 
2.9203 -1.21233e-09 
2.9312 -1.20671e-09 
2.9421 -1.20114e-09 
2.953 -1.19561e-09 
2.9639 -1.19013e-09 
2.9748 -1.1847e-09 
2.9857 -1.1793e-09 
2.9966 -1.17393e-09 
3.0075 -1.16861e-09 
3.0184 -1.16332e-09 
3.0293 -1.15806e-09 
3.0402 -1.15284e-09 
3.0511 -1.14765e-09 
3.062 -1.14249e-09 
3.0729 -1.13736e-09 
3.0838 -1.13227e-09 
3.0947 -1.1272e-09 
3.1056 -1.12217e-09 
3.1165 -1.11716e-09 
3.1274 -1.11219e-09 
3.1383 -1.10724e-09 
3.1492 -1.10233e-09 
3.1601 -1.09744e-09 
3.171 -1.09258e-09 
3.1819 -1.08775e-09 
3.1928 -1.08295e-09 
3.2037 -1.07818e-09 
3.2146 -1.07343e-09 
3.2255 -1.06871e-09 
3.2364 -1.06402e-09 
3.2473 -1.05935e-09 
3.2582 -1.05471e-09 
3.2691 -1.0501e-09 
3.28 -1.04552e-09 
3.2909 -1.04096e-09 
3.3018 -1.03642e-09 
3.3127 -1.03192e-09 
3.3236 -1.02744e-09 
3.3345 -1.02298e-09 
3.3454 -1.01855e-09 
3.3563 -1.01415e-09 
3.3672 -1.00977e-09 
3.3781 -1.00541e-09 
3.389 -1.00108e-09 
3.3999 -9.96776e-10 
3.4108 -9.92496e-10 
3.4217 -9.88239e-10 
3.4326 -9.84007e-10 
3.4435 -9.79799e-10 
3.4544 -9.75614e-10 
3.4653 -9.71454e-10 
3.4762 -9.67317e-10 
3.4871 -9.63203e-10 
3.498 -9.59113e-10 
3.5089 -9.55046e-10 
3.5198 -9.51002e-10 
3.5307 -9.46981e-10 
3.5416 -9.42982e-10 
3.5525 -9.39006e-10 
3.5634 -9.35053e-10 
3.5743 -9.31122e-10 
3.5852 -9.27213e-10 
3.5961 -9.23326e-10 
3.607 -9.19461e-10 
3.6179 -9.15618e-10 
3.6288 -9.11796e-10 
3.6397 -9.07996e-10 
3.6506 -9.04217e-10 
3.6615 -9.00459e-10 
3.6724 -8.96723e-10 
3.6833 -8.93007e-10 
3.6942 -8.89312e-10 
3.7051 -8.85638e-10 
3.716 -8.81985e-10 
3.7269 -8.78352e-10 
3.7378 -8.74739e-10 
3.7487 -8.71146e-10 
3.7596 -8.67574e-10 
3.7705 -8.64021e-10 
3.7814 -8.60488e-10 
3.7923 -8.56975e-10 
3.8032 -8.53481e-10 
3.8141 -8.50007e-10 
3.825 -8.46552e-10 
3.8359 -8.43116e-10 
3.8468 -8.39699e-10 
3.8577 -8.36301e-10 
3.8686 -8.32922e-10 
3.8795 -8.29562e-10 
3.8904 -8.2622e-10 
3.9013 -8.22897e-10 
3.9122 -8.19592e-10 
3.9231 -8.16305e-10 
3.934 -8.13036e-10 
3.9449 -8.09786e-10 
3.9558 -8.06553e-10 
3.9667 -8.03338e-10 
3.9776 -8.0014e-10 
3.9885 -7.9696e-10 
3.9994 -7.93798e-10 
4.0103 -7.90652e-10 
4.0212 -7.87524e-10 
4.0321 -7.84413e-10 
4.043 -7.81319e-10 
4.0539 -7.78242e-10 
4.0648 -7.75182e-10 
4.0757 -7.72138e-10 
4.0866 -7.69111e-10 
4.0975 -7.661e-10 
4.1084 -7.63106e-10 
4.1193 -7.60127e-10 
4.1302 -7.57165e-10 
4.1411 -7.54219e-10 
4.152 -7.51289e-10 
4.1629 -7.48375e-10 
4.1738 -7.45476e-10 
4.1847 -7.42593e-10 
4.1956 -7.39726e-10 
4.2065 -7.36873e-10 
4.2174 -7.34037e-10 
4.2283 -7.31215e-10 
4.2392 -7.28409e-10 
4.2501 -7.25617e-10 
4.261 -7.2284e-10 
4.2719 -7.20079e-10 
4.2828 -7.17332e-10 
4.2937 -7.14599e-10 
4.3046 -7.11882e-10 
4.3155 -7.09178e-10 
4.3264 -7.06489e-10 
4.3373 -7.03815e-10 
4.3482 -7.01154e-10 
4.3591 -6.98507e-10 
4.37 -6.95875e-10 
4.3809 -6.93256e-10 
4.3918 -6.90652e-10 
4.4027 -6.8806e-10 
4.4136 -6.85483e-10 
4.4245 -6.82919e-10 
4.4354 -6.80369e-10 
4.4463 -6.77832e-10 
4.4572 -6.75308e-10 
4.4681 -6.72797e-10 
4.479 -6.703e-10 
4.4899 -6.67816e-10 
4.5008 -6.65344e-10 
4.5117 -6.62886e-10 
4.5226 -6.6044e-10 
4.5335 -6.58007e-10 
4.5444 -6.55587e-10 
4.5553 -6.53179e-10 
4.5662 -6.50783e-10 
4.5771 -6.484e-10 
4.588 -6.4603e-10 
4.5989 -6.43671e-10 
4.6098 -6.41325e-10 
4.6207 -6.38991e-10 
4.6316 -6.36669e-10 
4.6425 -6.34358e-10 
4.6534 -6.3206e-10 
4.6643 -6.29773e-10 
4.6752 -6.27498e-10 
4.6861 -6.25235e-10 
4.697 -6.22983e-10 
4.7079 -6.20743e-10 
4.7188 -6.18514e-10 
4.7297 -6.16297e-10 
4.7406 -6.1409e-10 
4.7515 -6.11895e-10 
4.7624 -6.09712e-10 
4.7733 -6.07539e-10 
4.7842 -6.05377e-10 
4.7951 -6.03226e-10 
4.806 -6.01086e-10 
4.8169 -5.98956e-10 
4.8278 -5.96838e-10 
4.8387 -5.9473e-10 
4.8496 -5.92633e-10 
4.8605 -5.90546e-10 
4.8714 -5.88469e-10 
4.8823 -5.86403e-10 
4.8932 -5.84348e-10 
4.9041 -5.82302e-10 
4.915 -5.80267e-10 
4.9259 -5.78242e-10 
4.9368 -5.76227e-10 
4.9477 -5.74222e-10 
4.9586 -5.72227e-10 
4.9695 -5.70242e-10 
4.9804 -5.68266e-10 
4.9913 -5.66301e-10 
5.0022 -5.64345e-10 
5.0131 -5.62399e-10 
5.024 -5.60462e-10 
5.0349 -5.58535e-10 
5.0458 -5.56617e-10 
5.0567 -5.54709e-10 
5.0676 -5.5281e-10 
5.0785 -5.5092e-10 
5.0894 -5.4904e-10 
5.1003 -5.47168e-10 
5.1112 -5.45306e-10 
5.1221 -5.43453e-10 
5.133 -5.41609e-10 
5.1439 -5.39774e-10 
5.1548 -5.37948e-10 
5.1657 -5.36131e-10 
5.1766 -5.34322e-10 
5.1875 -5.32522e-10 
5.1984 -5.30731e-10 
5.2093 -5.28949e-10 
5.2202 -5.27175e-10 
5.2311 -5.25409e-10 
5.242 -5.23653e-10 
5.2529 -5.21904e-10 
5.2638 -5.20164e-10 
5.2747 -5.18432e-10 
5.2856 -5.16709e-10 
5.2965 -5.14994e-10 
5.3074 -5.13286e-10 
5.3183 -5.11587e-10 
5.3292 -5.09897e-10 
5.3401 -5.08214e-10 
5.351 -5.06539e-10 
5.3619 -5.04872e-10 
5.3728 -5.03213e-10 
5.3837 -5.01562e-10 
5.3946 -4.99918e-10 
5.4055 -4.98283e-10 
5.4164 -4.96655e-10 
5.4273 -4.95034e-10 
5.4382 -4.93422e-10 
5.4491 -4.91816e-10 
5.46 -4.90219e-10 
5.4709 -4.88629e-10 
5.4818 -4.87046e-10 
5.4927 -4.85471e-10 
5.5036 -4.83903e-10 
5.5145 -4.82342e-10 
5.5254 -4.80788e-10 
5.5363 -4.79242e-10 
5.5472 -4.77703e-10 
5.5581 -4.76171e-10 
5.569 -4.74646e-10 
5.5799 -4.73129e-10 
5.5908 -4.71618e-10 
5.6017 -4.70114e-10 
5.6126 -4.68617e-10 
5.6235 -4.67127e-10 
5.6344 -4.65644e-10 
5.6453 -4.64167e-10 
5.6562 -4.62698e-10 
5.6671 -4.61235e-10 
5.678 -4.59779e-10 
5.6889 -4.58329e-10 
5.6998 -4.56886e-10 
5.7107 -4.5545e-10 
5.7216 -4.5402e-10 
5.7325 -4.52596e-10 
5.7434 -4.5118e-10 
5.7543 -4.49769e-10 
5.7652 -4.48365e-10 
5.7761 -4.46967e-10 
5.787 -4.45576e-10 
5.7979 -4.4419e-10 
5.8088 -4.42811e-10 
5.8197 -4.41439e-10 
5.8306 -4.40072e-10 
5.8415 -4.38712e-10 
5.8524 -4.37357e-10 
5.8633 -4.36009e-10 
5.8742 -4.34667e-10 
5.8851 -4.3333e-10 
5.896 -4.32e-10 
5.9069 -4.30675e-10 
5.9178 -4.29357e-10 
5.9287 -4.28044e-10 
5.9396 -4.26737e-10 
5.9505 -4.25436e-10 
5.9614 -4.24141e-10 
5.9723 -4.22851e-10 
5.9832 -4.21567e-10 
5.9941 -4.20289e-10 
6.005 -4.19016e-10 
6.0159 -4.17749e-10 
6.0268 -4.16488e-10 
6.0377 -4.15232e-10 
6.0486 -4.13981e-10 
6.0595 -4.12736e-10 
6.0704 -4.11497e-10 
6.0813 -4.10263e-10 
6.0922 -4.09034e-10 
6.1031 -4.07811e-10 
6.114 -4.06593e-10 
6.1249 -4.0538e-10 
6.1358 -4.04172e-10 
6.1467 -4.0297e-10 
6.1576 -4.01773e-10 
6.1685 -4.00581e-10 
6.1794 -3.99394e-10 
6.1903 -3.98212e-10 
6.2012 -3.97036e-10 
6.2121 -3.95864e-10 
6.223 -3.94698e-10 
6.2339 -3.93536e-10 
6.2448 -3.9238e-10 
6.2557 -3.91228e-10 
6.2666 -3.90081e-10 
6.2775 -3.8894e-10 
6.2884 -3.87803e-10 
6.2993 -3.86671e-10 
6.3102 -3.85543e-10 
6.3211 -3.84421e-10 
6.332 -3.83303e-10 
6.3429 -3.8219e-10 
6.3538 -3.81082e-10 
6.3647 -3.79979e-10 
6.3756 -3.7888e-10 
6.3865 -3.77785e-10 
6.3974 -3.76696e-10 
6.4083 -3.75611e-10 
6.4192 -3.7453e-10 
6.4301 -3.73454e-10 
6.441 -3.72383e-10 
6.4519 -3.71316e-10 
6.4628 -3.70253e-10 
6.4737 -3.69195e-10 
6.4846 -3.68141e-10 
6.4955 -3.67092e-10 
6.5064 -3.66047e-10 
6.5173 -3.65007e-10 
6.5282 -3.6397e-10 
6.5391 -3.62938e-10 
6.55 -3.61911e-10 
6.5609 -3.60887e-10 
6.5718 -3.59868e-10 
6.5827 -3.58853e-10 
6.5936 -3.57842e-10 
6.6045 -3.56836e-10 
6.6154 -3.55833e-10 
6.6263 -3.54835e-10 
6.6372 -3.5384e-10 
6.6481 -3.5285e-10 
6.659 -3.51864e-10 
6.6699 -3.50882e-10 
6.6808 -3.49904e-10 
6.6917 -3.48929e-10 
6.7026 -3.47959e-10 
6.7135 -3.46993e-10 
6.7244 -3.46031e-10 
6.7353 -3.45072e-10 
6.7462 -3.44118e-10 
6.7571 -3.43167e-10 
6.768 -3.4222e-10 
6.7789 -3.41277e-10 
6.7898 -3.40338e-10 
6.8007 -3.39403e-10 
6.8116 -3.38471e-10 
6.8225 -3.37543e-10 
6.8334 -3.36619e-10 
6.8443 -3.35698e-10 
6.8552 -3.34782e-10 
6.8661 -3.33868e-10 
6.877 -3.32959e-10 
6.8879 -3.32053e-10 
6.8988 -3.31151e-10 
6.9097 -3.30252e-10 
6.9206 -3.29357e-10 
6.9315 -3.28466e-10 
6.9424 -3.27578e-10 
6.9533 -3.26693e-10 
6.9642 -3.25812e-10 
6.9751 -3.24935e-10 
6.986 -3.24061e-10 
6.9969 -3.2319e-10 
7.0078 -3.22323e-10 
7.0187 -3.21459e-10 
7.0296 -3.20599e-10 
7.0405 -3.19742e-10 
7.0514 -3.18888e-10 
7.0623 -3.18038e-10 
7.0732 -3.17191e-10 
7.0841 -3.16347e-10 
7.095 -3.15507e-10 
7.1059 -3.1467e-10 
7.1168 -3.13836e-10 
7.1277 -3.13006e-10 
7.1386 -3.12178e-10 
7.1495 -3.11354e-10 
7.1604 -3.10533e-10 
7.1713 -3.09716e-10 
7.1822 -3.08901e-10 
7.1931 -3.0809e-10 
7.204 -3.07281e-10 
7.2149 -3.06476e-10 
7.2258 -3.05674e-10 
7.2367 -3.04875e-10 
7.2476 -3.04079e-10 
7.2585 -3.03286e-10 
7.2694 -3.02496e-10 
7.2803 -3.0171e-10 
7.2912 -3.00926e-10 
7.3021 -3.00145e-10 
7.313 -2.99367e-10 
7.3239 -2.98592e-10 
7.3348 -2.9782e-10 
7.3457 -2.97051e-10 
7.3566 -2.96285e-10 
7.3675 -2.95522e-10 
7.3784 -2.94762e-10 
7.3893 -2.94004e-10 
7.4002 -2.9325e-10 
7.4111 -2.92498e-10 
7.422 -2.91749e-10 
7.4329 -2.91003e-10 
7.4438 -2.9026e-10 
7.4547 -2.89519e-10 
7.4656 -2.88782e-10 
7.4765 -2.88047e-10 
7.4874 -2.87315e-10 
7.4983 -2.86585e-10 
7.5092 -2.85859e-10 
7.5201 -2.85135e-10 
7.531 -2.84413e-10 
7.5419 -2.83695e-10 
7.5528 -2.82979e-10 
7.5637 -2.82265e-10 
7.5746 -2.81555e-10 
7.5855 -2.80847e-10 
7.5964 -2.80142e-10 
7.6073 -2.79439e-10 
7.6182 -2.78739e-10 
7.6291 -2.78041e-10 
7.64 -2.77346e-10 
7.6509 -2.76654e-10 
7.6618 -2.75964e-10 
7.6727 -2.75276e-10 
7.6836 -2.74591e-10 
7.6945 -2.73909e-10 
7.7054 -2.73229e-10 
7.7163 -2.72552e-10 
7.7272 -2.71877e-10 
7.7381 -2.71205e-10 
7.749 -2.70535e-10 
7.7599 -2.69867e-10 
7.7708 -2.69202e-10 
7.7817 -2.68539e-10 
7.7926 -2.67879e-10 
7.8035 -2.67221e-10 
7.8144 -2.66566e-10 
7.8253 -2.65913e-10 
7.8362 -2.65262e-10 
7.8471 -2.64614e-10 
7.858 -2.63967e-10 
7.8689 -2.63324e-10 
7.8798 -2.62682e-10 
7.8907 -2.62043e-10 
7.9016 -2.61406e-10 
7.9125 -2.60772e-10 
7.9234 -2.60139e-10 
7.9343 -2.59509e-10 
7.9452 -2.58882e-10 
7.9561 -2.58256e-10 
7.967 -2.57633e-10 
7.9779 -2.57012e-10 
7.9888 -2.56393e-10 
7.9997 -2.55776e-10 
8.0106 -2.55162e-10 
8.0215 -2.54549e-10 
8.0324 -2.53939e-10 
8.0433 -2.53331e-10 
8.0542 -2.52726e-10 
8.0651 -2.52122e-10 
8.076 -2.5152e-10 
8.0869 -2.50921e-10 
8.0978 -2.50324e-10 
8.1087 -2.49728e-10 
8.1196 -2.49135e-10 
8.1305 -2.48544e-10 
8.1414 -2.47955e-10 
8.1523 -2.47368e-10 
8.1632 -2.46783e-10 
8.1741 -2.462e-10 
8.185 -2.4562e-10 
8.1959 -2.45041e-10 
8.2068 -2.44464e-10 
8.2177 -2.43889e-10 
8.2286 -2.43317e-10 
8.2395 -2.42746e-10 
8.2504 -2.42177e-10 
8.2613 -2.4161e-10 
8.2722 -2.41045e-10 
8.2831 -2.40483e-10 
8.294 -2.39922e-10 
8.3049 -2.39363e-10 
8.3158 -2.38805e-10 
8.3267 -2.3825e-10 
8.3376 -2.37697e-10 
8.3485 -2.37146e-10 
8.3594 -2.36596e-10 
8.3703 -2.36048e-10 
8.3812 -2.35503e-10 
8.3921 -2.34959e-10 
8.403 -2.34417e-10 
8.4139 -2.33877e-10 
8.4248 -2.33338e-10 
8.4357 -2.32802e-10 
8.4466 -2.32267e-10 
8.4575 -2.31734e-10 
8.4684 -2.31203e-10 
8.4793 -2.30674e-10 
8.4902 -2.30147e-10 
8.5011 -2.29621e-10 
8.512 -2.29097e-10 
8.5229 -2.28575e-10 
8.5338 -2.28055e-10 
8.5447 -2.27536e-10 
8.5556 -2.27019e-10 
8.5665 -2.26504e-10 
8.5774 -2.25991e-10 
8.5883 -2.25479e-10 
8.5992 -2.24969e-10 
8.6101 -2.24461e-10 
8.621 -2.23954e-10 
8.6319 -2.23449e-10 
8.6428 -2.22946e-10 
8.6537 -2.22445e-10 
8.6646 -2.21945e-10 
8.6755 -2.21447e-10 
8.6864 -2.2095e-10 
8.6973 -2.20455e-10 
8.7082 -2.19962e-10 
8.7191 -2.19471e-10 
8.73 -2.18981e-10 
8.7409 -2.18492e-10 
8.7518 -2.18006e-10 
8.7627 -2.1752e-10 
8.7736 -2.17037e-10 
8.7845 -2.16555e-10 
8.7954 -2.16075e-10 
8.8063 -2.15596e-10 
8.8172 -2.15119e-10 
8.8281 -2.14643e-10 
8.839 -2.14169e-10 
8.8499 -2.13696e-10 
8.8608 -2.13225e-10 
8.8717 -2.12756e-10 
8.8826 -2.12288e-10 
8.8935 -2.11822e-10 
8.9044 -2.11357e-10 
8.9153 -2.10894e-10 
8.9262 -2.10432e-10 
8.9371 -2.09971e-10 
8.948 -2.09513e-10 
8.9589 -2.09055e-10 
8.9698 -2.08599e-10 
8.9807 -2.08145e-10 
8.9916 -2.07692e-10 
9.0025 -2.0724e-10 
9.0134 -2.0679e-10 
9.0243 -2.06342e-10 
9.0352 -2.05895e-10 
9.0461 -2.05449e-10 
9.057 -2.05005e-10 
9.0679 -2.04562e-10 
9.0788 -2.0412e-10 
9.0897 -2.0368e-10 
9.1006 -2.03242e-10 
9.1115 -2.02805e-10 
9.1224 -2.02369e-10 
9.1333 -2.01934e-10 
9.1442 -2.01501e-10 
9.1551 -2.0107e-10 
9.166 -2.00639e-10 
9.1769 -2.0021e-10 
9.1878 -1.99783e-10 
9.1987 -1.99357e-10 
9.2096 -1.98932e-10 
9.2205 -1.98508e-10 
9.2314 -1.98086e-10 
9.2423 -1.97665e-10 
9.2532 -1.97246e-10 
9.2641 -1.96828e-10 
9.275 -1.96411e-10 
9.2859 -1.95995e-10 
9.2968 -1.95581e-10 
9.3077 -1.95168e-10 
9.3186 -1.94756e-10 
9.3295 -1.94346e-10 
9.3404 -1.93937e-10 
9.3513 -1.93529e-10 
9.3622 -1.93122e-10 
9.3731 -1.92717e-10 
9.384 -1.92313e-10 
9.3949 -1.9191e-10 
9.4058 -1.91509e-10 
9.4167 -1.91108e-10 
9.4276 -1.90709e-10 
9.4385 -1.90312e-10 
9.4494 -1.89915e-10 
9.4603 -1.8952e-10 
9.4712 -1.89126e-10 
9.4821 -1.88733e-10 
9.493 -1.88341e-10 
9.5039 -1.87951e-10 
9.5148 -1.87561e-10 
9.5257 -1.87173e-10 
9.5366 -1.86786e-10 
9.5475 -1.86401e-10 
9.5584 -1.86016e-10 
9.5693 -1.85633e-10 
9.5802 -1.85251e-10 
9.5911 -1.8487e-10 
9.602 -1.8449e-10 
9.6129 -1.84111e-10 
9.6238 -1.83734e-10 
9.6347 -1.83357e-10 
9.6456 -1.82982e-10 
9.6565 -1.82608e-10 
9.6674 -1.82235e-10 
9.6783 -1.81863e-10 
9.6892 -1.81493e-10 
9.7001 -1.81123e-10 
9.711 -1.80755e-10 
9.7219 -1.80387e-10 
9.7328 -1.80021e-10 
9.7437 -1.79656e-10 
9.7546 -1.79292e-10 
9.7655 -1.78929e-10 
9.7764 -1.78567e-10 
9.7873 -1.78206e-10 
9.7982 -1.77847e-10 
9.8091 -1.77488e-10 
9.82 -1.77131e-10 
9.8309 -1.76774e-10 
9.8418 -1.76419e-10 
9.8527 -1.76065e-10 
9.8636 -1.75711e-10 
9.8745 -1.75359e-10 
9.8854 -1.75008e-10 
9.8963 -1.74658e-10 
9.9072 -1.74309e-10 
9.9181 -1.73961e-10 
9.929 -1.73614e-10 
9.9399 -1.73268e-10 
9.9508 -1.72923e-10 
9.9617 -1.72579e-10 
9.9726 -1.72236e-10 
9.9835 -1.71894e-10 
9.9944 -1.71553e-10 
10.0053 -1.71214e-10 
10.0162 -1.70875e-10 
10.0271 -1.70537e-10 
10.038 -1.702e-10 
10.0489 -1.69864e-10 
10.0598 -1.69529e-10 
10.0707 -1.69195e-10 
10.0816 -1.68862e-10 
10.0925 -1.6853e-10 
10.1034 -1.68199e-10 
10.1143 -1.67869e-10 
10.1252 -1.6754e-10 
10.1361 -1.67212e-10 
10.147 -1.66885e-10 
10.1579 -1.66559e-10 
10.1688 -1.66234e-10 
10.1797 -1.65909e-10 
10.1906 -1.65586e-10 
10.2015 -1.65263e-10 
10.2124 -1.64942e-10 
10.2233 -1.64621e-10 
10.2342 -1.64302e-10 
10.2451 -1.63983e-10 
10.256 -1.63665e-10 
10.2669 -1.63348e-10 
10.2778 -1.63032e-10 
10.2887 -1.62717e-10 
10.2996 -1.62403e-10 
10.3105 -1.6209e-10 
10.3214 -1.61778e-10 
10.3323 -1.61466e-10 
10.3432 -1.61156e-10 
10.3541 -1.60846e-10 
10.365 -1.60537e-10 
10.3759 -1.60229e-10 
10.3868 -1.59922e-10 
10.3977 -1.59616e-10 
10.4086 -1.59311e-10 
10.4195 -1.59007e-10 
10.4304 -1.58703e-10 
10.4413 -1.584e-10 
10.4522 -1.58098e-10 
10.4631 -1.57798e-10 
10.474 -1.57497e-10 
10.4849 -1.57198e-10 
10.4958 -1.569e-10 
10.5067 -1.56602e-10 
10.5176 -1.56305e-10 
10.5285 -1.5601e-10 
10.5394 -1.55715e-10 
10.5503 -1.5542e-10 
10.5612 -1.55127e-10 
10.5721 -1.54834e-10 
10.583 -1.54543e-10 
10.5939 -1.54252e-10 
10.6048 -1.53962e-10 
10.6157 -1.53672e-10 
10.6266 -1.53384e-10 
10.6375 -1.53096e-10 
10.6484 -1.52809e-10 
10.6593 -1.52523e-10 
10.6702 -1.52238e-10 
10.6811 -1.51953e-10 
10.692 -1.5167e-10 
10.7029 -1.51387e-10 
10.7138 -1.51105e-10 
10.7247 -1.50823e-10 
10.7356 -1.50543e-10 
10.7465 -1.50263e-10 
10.7574 -1.49984e-10 
10.7683 -1.49706e-10 
10.7792 -1.49428e-10 
10.7901 -1.49152e-10 
10.801 -1.48876e-10 
10.8119 -1.486e-10 
10.8228 -1.48326e-10 
10.8337 -1.48052e-10 
10.8446 -1.47779e-10 
10.8555 -1.47507e-10 
10.8664 -1.47236e-10 
10.8773 -1.46965e-10 
10.8882 -1.46695e-10 
10.8991 -1.46426e-10 
10.91 -1.46158e-10 
10.9209 -1.4589e-10 
10.9318 -1.45623e-10 
10.9427 -1.45357e-10 
10.9536 -1.45091e-10 
10.9645 -1.44826e-10 
10.9754 -1.44562e-10 
10.9863 -1.44299e-10 
10.9972 -1.44036e-10 
11.0081 -1.43774e-10 
11.019 -1.43513e-10 
11.0299 -1.43253e-10 
11.0408 -1.42993e-10 
11.0517 -1.42734e-10 
11.0626 -1.42475e-10 
11.0735 -1.42217e-10 
11.0844 -1.4196e-10 
11.0953 -1.41704e-10 
11.1062 -1.41448e-10 
11.1171 -1.41193e-10 
11.128 -1.40939e-10 
11.1389 -1.40686e-10 
11.1498 -1.40433e-10 
11.1607 -1.4018e-10 
11.1716 -1.39929e-10 
11.1825 -1.39678e-10 
11.1934 -1.39428e-10 
11.2043 -1.39178e-10 
11.2152 -1.38929e-10 
11.2261 -1.38681e-10 
11.237 -1.38434e-10 
11.2479 -1.38187e-10 
11.2588 -1.37941e-10 
11.2697 -1.37695e-10 
11.2806 -1.3745e-10 
11.2915 -1.37206e-10 
11.3024 -1.36962e-10 
11.3133 -1.36719e-10 
11.3242 -1.36477e-10 
11.3351 -1.36235e-10 
11.346 -1.35994e-10 
11.3569 -1.35754e-10 
11.3678 -1.35514e-10 
11.3787 -1.35275e-10 
11.3896 -1.35036e-10 
11.4005 -1.34798e-10 
11.4114 -1.34561e-10 
11.4223 -1.34324e-10 
11.4332 -1.34088e-10 
11.4441 -1.33853e-10 
11.455 -1.33618e-10 
11.4659 -1.33384e-10 
11.4768 -1.3315e-10 
11.4877 -1.32917e-10 
11.4986 -1.32685e-10 
11.5095 -1.32453e-10 
11.5204 -1.32222e-10 
11.5313 -1.31991e-10 
11.5422 -1.31761e-10 
11.5531 -1.31532e-10 
11.564 -1.31303e-10 
11.5749 -1.31075e-10 
11.5858 -1.30848e-10 
11.5967 -1.30621e-10 
11.6076 -1.30394e-10 
11.6185 -1.30168e-10 
11.6294 -1.29943e-10 
11.6403 -1.29719e-10 
11.6512 -1.29495e-10 
11.6621 -1.29271e-10 
11.673 -1.29048e-10 
11.6839 -1.28826e-10 
11.6948 -1.28604e-10 
11.7057 -1.28383e-10 
11.7166 -1.28162e-10 
11.7275 -1.27942e-10 
11.7384 -1.27723e-10 
11.7493 -1.27504e-10 
11.7602 -1.27285e-10 
11.7711 -1.27068e-10 
11.782 -1.2685e-10 
11.7929 -1.26634e-10 
11.8038 -1.26418e-10 
11.8147 -1.26202e-10 
11.8256 -1.25987e-10 
11.8365 -1.25772e-10 
11.8474 -1.25558e-10 
11.8583 -1.25345e-10 
11.8692 -1.25132e-10 
11.8801 -1.2492e-10 
11.891 -1.24708e-10 
11.9019 -1.24497e-10 
11.9128 -1.24286e-10 
11.9237 -1.24076e-10 
11.9346 -1.23866e-10 
11.9455 -1.23657e-10 
11.9564 -1.23448e-10 
11.9673 -1.2324e-10 
11.9782 -1.23033e-10 
11.9891 -1.22826e-10 
