0.01 -3.13014e-05 
0.0209 -2.87956e-05 
0.0318 -2.65304e-05 
0.0427 -2.44801e-05 
0.0536 -2.26215e-05 
0.0645 -2.09341e-05 
0.0754 -1.93997e-05 
0.0863 -1.80031e-05 
0.0972 -1.67337e-05 
0.1081 -1.55895e-05 
0.119 -1.4579e-05 
0.1299 -1.36964e-05 
0.1408 -1.29126e-05 
0.1517 -1.22005e-05 
0.1626 -1.15423e-05 
0.1735 -1.09255e-05 
0.1844 -1.03407e-05 
0.1953 -9.7808e-06 
0.2062 -9.24721e-06 
0.2171 -8.74808e-06 
0.228 -8.28752e-06 
0.2389 -7.8652e-06 
0.2498 -7.4787e-06 
0.2607 -7.12489e-06 
0.2716 -6.80062e-06 
0.2825 -6.50287e-06 
0.2934 -6.22889e-06 
0.3043 -5.9762e-06 
0.3152 -5.74263e-06 
0.3261 -5.52625e-06 
0.337 -5.32534e-06 
0.3479 -5.13842e-06 
0.3588 -4.96414e-06 
0.3697 -4.80135e-06 
0.3806 -4.649e-06 
0.3915 -4.50617e-06 
0.4024 -4.37205e-06 
0.4133 -4.24589e-06 
0.4242 -4.12704e-06 
0.4351 -4.01493e-06 
0.446 -3.90902e-06 
0.4569 -3.80882e-06 
0.4678 -3.71392e-06 
0.4787 -3.62392e-06 
0.4896 -3.53846e-06 
0.5005 -3.45722e-06 
0.5114 -3.3799e-06 
0.5223 -3.30624e-06 
0.5332 -3.23598e-06 
0.5441 -3.16889e-06 
0.555 -3.10476e-06 
0.5659 -3.04339e-06 
0.5768 -2.98459e-06 
0.5877 -2.9282e-06 
0.5986 -2.87404e-06 
0.6095 -2.82196e-06 
0.6204 -2.77182e-06 
0.6313 -2.72348e-06 
0.6422 -2.67681e-06 
0.6531 -2.63166e-06 
0.664 -2.58792e-06 
0.6749 -2.54546e-06 
0.6858 -2.50415e-06 
0.6967 -2.46388e-06 
0.7076 -2.42451e-06 
0.7185 -2.38593e-06 
0.7294 -2.34799e-06 
0.7403 -2.31058e-06 
0.7512 -2.27354e-06 
0.7621 -2.23672e-06 
0.773 -2.19998e-06 
0.7839 -2.16315e-06 
0.7948 -2.12604e-06 
0.8057 -2.08847e-06 
0.8166 -2.05023e-06 
0.8275 -2.0111e-06 
0.8384 -1.97083e-06 
0.8493 -1.92917e-06 
0.8602 -1.88582e-06 
0.8711 -1.84048e-06 
0.882 -1.79283e-06 
0.8929 -1.74251e-06 
0.9038 -1.68915e-06 
0.9147 -1.63237e-06 
0.9256 -1.5718e-06 
0.9365 -1.50704e-06 
0.9474 -1.43777e-06 
0.9583 -1.36369e-06 
0.9692 -1.28462e-06 
0.9801 -1.20052e-06 
0.991 -1.11159e-06 
1.0019 -1.01829e-06 
1.0128 -9.21446e-07 
1.0237 -8.22258e-07 
1.0346 -7.22279e-07 
1.0455 -6.23268e-07 
1.0564 -5.26982e-07 
1.0673 -4.34955e-07 
1.0782 -3.486e-07 
1.0891 -2.70363e-07 
1.1 -2.07763e-07 
1.1109 -1.73367e-07 
1.1218 -1.60415e-07 
1.1327 -1.54122e-07 
1.1436 -1.49277e-07 
1.1545 -1.44656e-07 
1.1654 -1.40001e-07 
1.1763 -1.35288e-07 
1.1872 -1.30548e-07 
1.1981 -1.25821e-07 
1.209 -1.21142e-07 
1.2199 -1.16539e-07 
1.2308 -1.12033e-07 
1.2417 -1.07639e-07 
1.2526 -1.03365e-07 
1.2635 -9.92176e-08 
1.2744 -9.52009e-08 
1.2853 -9.13155e-08 
1.2962 -8.7563e-08 
1.3071 -8.39415e-08 
1.318 -8.04499e-08 
1.3289 -7.70851e-08 
1.3398 -7.38452e-08 
1.3507 -7.07264e-08 
1.3616 -6.77255e-08 
1.3725 -6.48391e-08 
1.3834 -6.20636e-08 
1.3943 -5.93955e-08 
1.4052 -5.68306e-08 
1.4161 -5.4366e-08 
1.427 -5.19981e-08 
1.4379 -4.97233e-08 
1.4488 -4.75381e-08 
1.4597 -4.54394e-08 
1.4706 -4.34238e-08 
1.4815 -4.14883e-08 
1.4924 -3.96299e-08 
1.5033 -3.78456e-08 
1.5142 -3.61326e-08 
1.5251 -3.44883e-08 
1.536 -3.29102e-08 
1.5469 -3.13954e-08 
1.5578 -2.99417e-08 
1.5687 -2.85467e-08 
1.5796 -2.72084e-08 
1.5905 -2.59244e-08 
1.6014 -2.46926e-08 
1.6123 -2.35112e-08 
1.6232 -2.23781e-08 
1.6341 -2.12915e-08 
1.645 -2.02498e-08 
1.6559 -1.92511e-08 
1.6668 -1.82939e-08 
1.6777 -1.73766e-08 
1.6886 -1.64976e-08 
1.6995 -1.56556e-08 
1.7104 -1.48492e-08 
1.7213 -1.4077e-08 
1.7322 -1.33378e-08 
1.7431 -1.26303e-08 
1.754 -1.19534e-08 
1.7649 -1.1306e-08 
1.7758 -1.0687e-08 
1.7867 -1.00953e-08 
1.7976 -9.53e-09 
1.8085 -8.99008e-09 
1.8194 -8.47466e-09 
1.8303 -7.98293e-09 
1.8412 -7.51398e-09 
1.8521 -7.06704e-09 
1.863 -6.64142e-09 
1.8739 -6.23632e-09 
1.8848 -5.85112e-09 
1.8957 -5.48514e-09 
1.9066 -5.13785e-09 
1.9175 -4.80858e-09 
1.9284 -4.49692e-09 
1.9393 -4.20235e-09 
1.9502 -3.92443e-09 
1.9611 -3.66286e-09 
1.972 -3.41738e-09 
1.9829 -3.18777e-09 
1.9938 -2.97409e-09 
2.0047 -2.77639e-09 
2.0156 -2.59458e-09 
2.0265 -2.42697e-09 
2.0374 -2.2706e-09 
2.0483 -2.12334e-09 
2.0592 -1.98409e-09 
2.0701 -1.85219e-09 
2.081 -1.72717e-09 
2.0919 -1.60866e-09 
2.1028 -1.49638e-09 
2.1137 -1.39005e-09 
2.1246 -1.28945e-09 
2.1355 -1.19438e-09 
2.1464 -1.10463e-09 
2.1573 -1.02005e-09 
2.1682 -9.40451e-10 
2.1791 -8.65709e-10 
2.19 -7.95682e-10 
2.2009 -7.30252e-10 
2.2118 -6.69313e-10 
2.2227 -6.1277e-10 
2.2336 -5.60554e-10 
2.2445 -5.12613e-10 
2.2554 -4.68913e-10 
2.2663 -4.29462e-10 
2.2772 -3.943e-10 
2.2881 -3.63532e-10 
2.299 -3.37332e-10 
2.3099 -3.15949e-10 
2.3208 -2.99417e-10 
2.3317 -2.86797e-10 
2.3426 -2.76527e-10 
2.3535 -2.67627e-10 
2.3644 -2.59626e-10 
2.3753 -2.52283e-10 
2.3862 -2.45454e-10 
2.3971 -2.39044e-10 
2.408 -2.32992e-10 
2.4189 -2.2725e-10 
2.4298 -2.21783e-10 
2.4407 -2.16563e-10 
2.4516 -2.11565e-10 
2.4625 -2.06772e-10 
2.4734 -2.02168e-10 
2.4843 -1.9774e-10 
2.4952 -1.93474e-10 
2.5061 -1.89361e-10 
2.517 -1.85391e-10 
2.5279 -1.81557e-10 
2.5388 -1.7785e-10 
2.5497 -1.74265e-10 
2.5606 -1.70794e-10 
2.5715 -1.67432e-10 
2.5824 -1.64173e-10 
2.5933 -1.61015e-10 
2.6042 -1.5795e-10 
2.6151 -1.54977e-10 
2.626 -1.5209e-10 
2.6369 -1.49286e-10 
2.6478 -1.46562e-10 
2.6587 -1.43913e-10 
2.6696 -1.41339e-10 
2.6805 -1.38835e-10 
2.6914 -1.36399e-10 
2.7023 -1.34028e-10 
2.7132 -1.3172e-10 
2.7241 -1.29474e-10 
2.735 -1.27286e-10 
2.7459 -1.25154e-10 
2.7568 -1.23076e-10 
2.7677 -1.21052e-10 
2.7786 -1.19078e-10 
2.7895 -1.17154e-10 
2.8004 -1.15278e-10 
2.8113 -1.13446e-10 
2.8222 -1.1166e-10 
2.8331 -1.09916e-10 
2.844 -1.08215e-10 
2.8549 -1.06554e-10 
2.8658 -1.04933e-10 
2.8767 -1.03348e-10 
2.8876 -1.01801e-10 
2.8985 -1.00289e-10 
2.9094 -9.88125e-11 
2.9203 -9.73693e-11 
2.9312 -9.59584e-11 
2.9421 -9.45796e-11 
2.953 -9.32313e-11 
2.9639 -9.19131e-11 
2.9748 -9.06234e-11 
2.9857 -8.93618e-11 
2.9966 -8.8128e-11 
3.0075 -8.69207e-11 
3.0184 -8.57393e-11 
3.0293 -8.45828e-11 
3.0402 -8.3451e-11 
3.0511 -8.23428e-11 
3.062 -8.12577e-11 
3.0729 -8.01955e-11 
3.0838 -7.91548e-11 
3.0947 -7.81357e-11 
3.1056 -7.71373e-11 
3.1165 -7.6159e-11 
3.1274 -7.52005e-11 
3.1383 -7.42612e-11 
3.1492 -7.33407e-11 
3.1601 -7.24382e-11 
3.171 -7.15536e-11 
3.1819 -7.06862e-11 
3.1928 -6.98357e-11 
3.2037 -6.90017e-11 
3.2146 -6.81836e-11 
3.2255 -6.73812e-11 
3.2364 -6.6594e-11 
3.2473 -6.58218e-11 
3.2582 -6.5064e-11 
3.2691 -6.43203e-11 
3.28 -6.35905e-11 
3.2909 -6.28742e-11 
3.3018 -6.2171e-11 
3.3127 -6.14807e-11 
3.3236 -6.08029e-11 
3.3345 -6.01373e-11 
3.3454 -5.94837e-11 
3.3563 -5.88418e-11 
3.3672 -5.82113e-11 
3.3781 -5.75919e-11 
3.389 -5.69835e-11 
3.3999 -5.63856e-11 
3.4108 -5.57982e-11 
3.4217 -5.52209e-11 
3.4326 -5.46535e-11 
3.4435 -5.40959e-11 
3.4544 -5.35477e-11 
3.4653 -5.30089e-11 
3.4762 -5.2479e-11 
3.4871 -5.19581e-11 
3.498 -5.14458e-11 
3.5089 -5.09421e-11 
3.5198 -5.04466e-11 
3.5307 -4.99592e-11 
3.5416 -4.94799e-11 
3.5525 -4.90082e-11 
3.5634 -4.85442e-11 
3.5743 -4.80876e-11 
3.5852 -4.76384e-11 
3.5961 -4.71963e-11 
3.607 -4.67611e-11 
3.6179 -4.63328e-11 
3.6288 -4.59112e-11 
3.6397 -4.54961e-11 
3.6506 -4.50875e-11 
3.6615 -4.46852e-11 
3.6724 -4.4289e-11 
3.6833 -4.38989e-11 
3.6942 -4.35146e-11 
3.7051 -4.31362e-11 
3.716 -4.27635e-11 
3.7269 -4.23963e-11 
3.7378 -4.20345e-11 
3.7487 -4.16781e-11 
3.7596 -4.1327e-11 
3.7705 -4.0981e-11 
3.7814 -4.064e-11 
3.7923 -4.03039e-11 
3.8032 -3.99727e-11 
3.8141 -3.96462e-11 
3.825 -3.93244e-11 
3.8359 -3.90072e-11 
3.8468 -3.86944e-11 
3.8577 -3.8386e-11 
3.8686 -3.8082e-11 
3.8795 -3.77821e-11 
3.8904 -3.74864e-11 
3.9013 -3.71948e-11 
3.9122 -3.69071e-11 
3.9231 -3.66234e-11 
3.934 -3.63435e-11 
3.9449 -3.60674e-11 
3.9558 -3.5795e-11 
3.9667 -3.55262e-11 
3.9776 -3.5261e-11 
3.9885 -3.49994e-11 
3.9994 -3.47411e-11 
4.0103 -3.44862e-11 
4.0212 -3.42347e-11 
4.0321 -3.39864e-11 
4.043 -3.37413e-11 
4.0539 -3.34993e-11 
4.0648 -3.32605e-11 
4.0757 -3.30246e-11 
4.0866 -3.27918e-11 
4.0975 -3.25618e-11 
4.1084 -3.23348e-11 
4.1193 -3.21106e-11 
4.1302 -3.18892e-11 
4.1411 -3.16704e-11 
4.152 -3.14544e-11 
4.1629 -3.1241e-11 
4.1738 -3.10302e-11 
4.1847 -3.0822e-11 
4.1956 -3.06162e-11 
4.2065 -3.0413e-11 
4.2174 -3.02121e-11 
4.2283 -3.00136e-11 
4.2392 -2.98175e-11 
4.2501 -2.96237e-11 
4.261 -2.94321e-11 
4.2719 -2.92427e-11 
4.2828 -2.90556e-11 
4.2937 -2.88706e-11 
4.3046 -2.86877e-11 
4.3155 -2.8507e-11 
4.3264 -2.83282e-11 
4.3373 -2.81515e-11 
4.3482 -2.79768e-11 
4.3591 -2.7804e-11 
4.37 -2.76332e-11 
4.3809 -2.74642e-11 
4.3918 -2.72971e-11 
4.4027 -2.71319e-11 
4.4136 -2.69684e-11 
4.4245 -2.68068e-11 
4.4354 -2.66468e-11 
4.4463 -2.64886e-11 
4.4572 -2.63321e-11 
4.4681 -2.61773e-11 
4.479 -2.60241e-11 
4.4899 -2.58726e-11 
4.5008 -2.57226e-11 
4.5117 -2.55742e-11 
4.5226 -2.54273e-11 
4.5335 -2.5282e-11 
4.5444 -2.51382e-11 
4.5553 -2.49959e-11 
4.5662 -2.4855e-11 
4.5771 -2.47155e-11 
4.588 -2.45775e-11 
4.5989 -2.44408e-11 
4.6098 -2.43056e-11 
4.6207 -2.41717e-11 
4.6316 -2.40391e-11 
4.6425 -2.39078e-11 
4.6534 -2.37778e-11 
4.6643 -2.36491e-11 
4.6752 -2.35217e-11 
4.6861 -2.33955e-11 
4.697 -2.32705e-11 
4.7079 -2.31467e-11 
4.7188 -2.30242e-11 
4.7297 -2.29028e-11 
4.7406 -2.27825e-11 
4.7515 -2.26634e-11 
4.7624 -2.25454e-11 
4.7733 -2.24285e-11 
4.7842 -2.23127e-11 
4.7951 -2.2198e-11 
4.806 -2.20844e-11 
4.8169 -2.19718e-11 
4.8278 -2.18602e-11 
4.8387 -2.17497e-11 
4.8496 -2.16401e-11 
4.8605 -2.15316e-11 
4.8714 -2.1424e-11 
4.8823 -2.13174e-11 
4.8932 -2.12118e-11 
4.9041 -2.11071e-11 
4.915 -2.10033e-11 
4.9259 -2.09005e-11 
4.9368 -2.07985e-11 
4.9477 -2.06975e-11 
4.9586 -2.05973e-11 
4.9695 -2.0498e-11 
4.9804 -2.03996e-11 
4.9913 -2.0302e-11 
5.0022 -2.02052e-11 
5.0131 -2.01093e-11 
5.024 -2.00142e-11 
5.0349 -1.99199e-11 
5.0458 -1.98264e-11 
5.0567 -1.97336e-11 
5.0676 -1.96417e-11 
5.0785 -1.95505e-11 
5.0894 -1.94601e-11 
5.1003 -1.93704e-11 
5.1112 -1.92814e-11 
5.1221 -1.91932e-11 
5.133 -1.91057e-11 
5.1439 -1.9019e-11 
5.1548 -1.89329e-11 
5.1657 -1.88475e-11 
5.1766 -1.87628e-11 
5.1875 -1.86788e-11 
5.1984 -1.85954e-11 
5.2093 -1.85127e-11 
5.2202 -1.84307e-11 
5.2311 -1.83493e-11 
5.242 -1.82685e-11 
5.2529 -1.81884e-11 
5.2638 -1.81089e-11 
5.2747 -1.803e-11 
5.2856 -1.79518e-11 
5.2965 -1.78741e-11 
5.3074 -1.7797e-11 
5.3183 -1.77205e-11 
5.3292 -1.76446e-11 
5.3401 -1.75693e-11 
5.351 -1.74945e-11 
5.3619 -1.74203e-11 
5.3728 -1.73467e-11 
5.3837 -1.72736e-11 
5.3946 -1.7201e-11 
5.4055 -1.7129e-11 
5.4164 -1.70575e-11 
5.4273 -1.69866e-11 
5.4382 -1.69161e-11 
5.4491 -1.68462e-11 
5.46 -1.67768e-11 
5.4709 -1.67078e-11 
5.4818 -1.66394e-11 
5.4927 -1.65715e-11 
5.5036 -1.6504e-11 
5.5145 -1.64371e-11 
5.5254 -1.63706e-11 
5.5363 -1.63046e-11 
5.5472 -1.6239e-11 
5.5581 -1.61739e-11 
5.569 -1.61093e-11 
5.5799 -1.60451e-11 
5.5908 -1.59813e-11 
5.6017 -1.5918e-11 
5.6126 -1.58552e-11 
5.6235 -1.57928e-11 
5.6344 -1.57308e-11 
5.6453 -1.56692e-11 
5.6562 -1.5608e-11 
5.6671 -1.55473e-11 
5.678 -1.54869e-11 
5.6889 -1.5427e-11 
5.6998 -1.53675e-11 
5.7107 -1.53084e-11 
5.7216 -1.52496e-11 
5.7325 -1.51913e-11 
5.7434 -1.51333e-11 
5.7543 -1.50757e-11 
5.7652 -1.50186e-11 
5.7761 -1.49617e-11 
5.787 -1.49053e-11 
5.7979 -1.48492e-11 
5.8088 -1.47935e-11 
5.8197 -1.47381e-11 
5.8306 -1.46831e-11 
5.8415 -1.46285e-11 
5.8524 -1.45742e-11 
5.8633 -1.45202e-11 
5.8742 -1.44666e-11 
5.8851 -1.44133e-11 
5.896 -1.43604e-11 
5.9069 -1.43078e-11 
5.9178 -1.42555e-11 
5.9287 -1.42036e-11 
5.9396 -1.4152e-11 
5.9505 -1.41007e-11 
5.9614 -1.40497e-11 
5.9723 -1.3999e-11 
5.9832 -1.39487e-11 
5.9941 -1.38986e-11 
6.005 -1.38489e-11 
6.0159 -1.37994e-11 
6.0268 -1.37503e-11 
6.0377 -1.37015e-11 
6.0486 -1.36529e-11 
6.0595 -1.36047e-11 
6.0704 -1.35567e-11 
6.0813 -1.3509e-11 
6.0922 -1.34616e-11 
6.1031 -1.34145e-11 
6.114 -1.33677e-11 
6.1249 -1.33211e-11 
6.1358 -1.32749e-11 
6.1467 -1.32289e-11 
6.1576 -1.31831e-11 
6.1685 -1.31377e-11 
6.1794 -1.30925e-11 
6.1903 -1.30475e-11 
6.2012 -1.30028e-11 
6.2121 -1.29584e-11 
6.223 -1.29143e-11 
6.2339 -1.28703e-11 
6.2448 -1.28267e-11 
6.2557 -1.27833e-11 
6.2666 -1.27401e-11 
6.2775 -1.26972e-11 
6.2884 -1.26545e-11 
6.2993 -1.26121e-11 
6.3102 -1.25699e-11 
6.3211 -1.25279e-11 
6.332 -1.24862e-11 
6.3429 -1.24447e-11 
6.3538 -1.24034e-11 
6.3647 -1.23624e-11 
6.3756 -1.23216e-11 
6.3865 -1.2281e-11 
6.3974 -1.22406e-11 
6.4083 -1.22005e-11 
6.4192 -1.21606e-11 
6.4301 -1.21209e-11 
6.441 -1.20814e-11 
6.4519 -1.20421e-11 
6.4628 -1.20031e-11 
6.4737 -1.19642e-11 
6.4846 -1.19256e-11 
6.4955 -1.18872e-11 
6.5064 -1.18489e-11 
6.5173 -1.18109e-11 
6.5282 -1.17731e-11 
6.5391 -1.17355e-11 
6.55 -1.16981e-11 
6.5609 -1.16608e-11 
6.5718 -1.16238e-11 
6.5827 -1.1587e-11 
6.5936 -1.15503e-11 
6.6045 -1.15139e-11 
6.6154 -1.14776e-11 
6.6263 -1.14416e-11 
6.6372 -1.14057e-11 
6.6481 -1.137e-11 
6.659 -1.13345e-11 
6.6699 -1.12992e-11 
6.6808 -1.1264e-11 
6.6917 -1.12291e-11 
6.7026 -1.11943e-11 
6.7135 -1.11597e-11 
6.7244 -1.11252e-11 
6.7353 -1.1091e-11 
6.7462 -1.10569e-11 
6.7571 -1.1023e-11 
6.768 -1.09892e-11 
6.7789 -1.09556e-11 
6.7898 -1.09222e-11 
6.8007 -1.0889e-11 
6.8116 -1.08559e-11 
6.8225 -1.0823e-11 
6.8334 -1.07903e-11 
6.8443 -1.07577e-11 
6.8552 -1.07253e-11 
6.8661 -1.0693e-11 
6.877 -1.06609e-11 
6.8879 -1.06289e-11 
6.8988 -1.05972e-11 
6.9097 -1.05655e-11 
6.9206 -1.0534e-11 
6.9315 -1.05027e-11 
6.9424 -1.04715e-11 
6.9533 -1.04405e-11 
6.9642 -1.04096e-11 
6.9751 -1.03789e-11 
6.986 -1.03483e-11 
6.9969 -1.03179e-11 
7.0078 -1.02876e-11 
7.0187 -1.02574e-11 
7.0296 -1.02274e-11 
7.0405 -1.01976e-11 
7.0514 -1.01679e-11 
7.0623 -1.01383e-11 
7.0732 -1.01089e-11 
7.0841 -1.00796e-11 
7.095 -1.00504e-11 
7.1059 -1.00214e-11 
7.1168 -9.99247e-12 
7.1277 -9.96372e-12 
7.1386 -9.93509e-12 
7.1495 -9.9066e-12 
7.1604 -9.87825e-12 
7.1713 -9.85002e-12 
7.1822 -9.82192e-12 
7.1931 -9.79396e-12 
7.204 -9.76612e-12 
7.2149 -9.73841e-12 
7.2258 -9.71082e-12 
7.2367 -9.68336e-12 
7.2476 -9.65603e-12 
7.2585 -9.62882e-12 
7.2694 -9.60173e-12 
7.2803 -9.57477e-12 
7.2912 -9.54793e-12 
7.3021 -9.52121e-12 
7.313 -9.49461e-12 
7.3239 -9.46813e-12 
7.3348 -9.44176e-12 
7.3457 -9.41552e-12 
7.3566 -9.38939e-12 
7.3675 -9.36337e-12 
7.3784 -9.33748e-12 
7.3893 -9.3117e-12 
7.4002 -9.28603e-12 
7.4111 -9.26047e-12 
7.422 -9.23503e-12 
7.4329 -9.2097e-12 
7.4438 -9.18448e-12 
7.4547 -9.15937e-12 
7.4656 -9.13437e-12 
7.4765 -9.10948e-12 
7.4874 -9.0847e-12 
7.4983 -9.06002e-12 
7.5092 -9.03546e-12 
7.5201 -9.01099e-12 
7.531 -8.98664e-12 
7.5419 -8.96239e-12 
7.5528 -8.93824e-12 
7.5637 -8.9142e-12 
7.5746 -8.89026e-12 
7.5855 -8.86642e-12 
7.5964 -8.84268e-12 
7.6073 -8.81905e-12 
7.6182 -8.79551e-12 
7.6291 -8.77208e-12 
7.64 -8.74874e-12 
7.6509 -8.72551e-12 
7.6618 -8.70237e-12 
7.6727 -8.67932e-12 
7.6836 -8.65638e-12 
7.6945 -8.63353e-12 
7.7054 -8.61078e-12 
7.7163 -8.58812e-12 
7.7272 -8.56556e-12 
7.7381 -8.54309e-12 
7.749 -8.52071e-12 
7.7599 -8.49843e-12 
7.7708 -8.47624e-12 
7.7817 -8.45414e-12 
7.7926 -8.43213e-12 
7.8035 -8.41021e-12 
7.8144 -8.38838e-12 
7.8253 -8.36665e-12 
7.8362 -8.345e-12 
7.8471 -8.32344e-12 
7.858 -8.30196e-12 
7.8689 -8.28058e-12 
7.8798 -8.25928e-12 
7.8907 -8.23807e-12 
7.9016 -8.21694e-12 
7.9125 -8.1959e-12 
7.9234 -8.17495e-12 
7.9343 -8.15408e-12 
7.9452 -8.13329e-12 
7.9561 -8.11259e-12 
7.967 -8.09197e-12 
7.9779 -8.07143e-12 
7.9888 -8.05097e-12 
7.9997 -8.0306e-12 
8.0106 -8.01031e-12 
8.0215 -7.99009e-12 
8.0324 -7.96996e-12 
8.0433 -7.94991e-12 
8.0542 -7.92993e-12 
8.0651 -7.91004e-12 
8.076 -7.89022e-12 
8.0869 -7.87049e-12 
8.0978 -7.85083e-12 
8.1087 -7.83124e-12 
8.1196 -7.81173e-12 
8.1305 -7.7923e-12 
8.1414 -7.77295e-12 
8.1523 -7.75367e-12 
8.1632 -7.73446e-12 
8.1741 -7.71533e-12 
8.185 -7.69628e-12 
8.1959 -7.6773e-12 
8.2068 -7.65839e-12 
8.2177 -7.63955e-12 
8.2286 -7.62079e-12 
8.2395 -7.6021e-12 
8.2504 -7.58348e-12 
8.2613 -7.56493e-12 
8.2722 -7.54645e-12 
8.2831 -7.52805e-12 
8.294 -7.50971e-12 
8.3049 -7.49144e-12 
8.3158 -7.47324e-12 
8.3267 -7.45512e-12 
8.3376 -7.43706e-12 
8.3485 -7.41906e-12 
8.3594 -7.40114e-12 
8.3703 -7.38329e-12 
8.3812 -7.3655e-12 
8.3921 -7.34777e-12 
8.403 -7.33012e-12 
8.4139 -7.31253e-12 
8.4248 -7.29501e-12 
8.4357 -7.27755e-12 
8.4466 -7.26016e-12 
8.4575 -7.24283e-12 
8.4684 -7.22556e-12 
8.4793 -7.20836e-12 
8.4902 -7.19123e-12 
8.5011 -7.17416e-12 
8.512 -7.15715e-12 
8.5229 -7.1402e-12 
8.5338 -7.12332e-12 
8.5447 -7.10649e-12 
8.5556 -7.08973e-12 
8.5665 -7.07304e-12 
8.5774 -7.0564e-12 
8.5883 -7.03982e-12 
8.5992 -7.0233e-12 
8.6101 -7.00685e-12 
8.621 -6.99045e-12 
8.6319 -6.97412e-12 
8.6428 -6.95784e-12 
8.6537 -6.94162e-12 
8.6646 -6.92546e-12 
8.6755 -6.90936e-12 
8.6864 -6.89331e-12 
8.6973 -6.87733e-12 
8.7082 -6.8614e-12 
8.7191 -6.84553e-12 
8.73 -6.82972e-12 
8.7409 -6.81396e-12 
8.7518 -6.79826e-12 
8.7627 -6.78261e-12 
8.7736 -6.76702e-12 
8.7845 -6.75149e-12 
8.7954 -6.73601e-12 
8.8063 -6.72059e-12 
8.8172 -6.70522e-12 
8.8281 -6.68991e-12 
8.839 -6.67464e-12 
8.8499 -6.65944e-12 
8.8608 -6.64429e-12 
8.8717 -6.62919e-12 
8.8826 -6.61414e-12 
8.8935 -6.59915e-12 
8.9044 -6.5842e-12 
8.9153 -6.56932e-12 
8.9262 -6.55448e-12 
8.9371 -6.53969e-12 
8.948 -6.52496e-12 
8.9589 -6.51028e-12 
8.9698 -6.49565e-12 
8.9807 -6.48107e-12 
8.9916 -6.46654e-12 
9.0025 -6.45206e-12 
9.0134 -6.43763e-12 
9.0243 -6.42325e-12 
9.0352 -6.40892e-12 
9.0461 -6.39464e-12 
9.057 -6.38041e-12 
9.0679 -6.36622e-12 
9.0788 -6.35209e-12 
9.0897 -6.338e-12 
9.1006 -6.32397e-12 
9.1115 -6.30998e-12 
9.1224 -6.29603e-12 
9.1333 -6.28214e-12 
9.1442 -6.26829e-12 
9.1551 -6.25449e-12 
9.166 -6.24074e-12 
9.1769 -6.22703e-12 
9.1878 -6.21337e-12 
9.1987 -6.19976e-12 
9.2096 -6.18619e-12 
9.2205 -6.17266e-12 
9.2314 -6.15919e-12 
9.2423 -6.14575e-12 
9.2532 -6.13237e-12 
9.2641 -6.11903e-12 
9.275 -6.10573e-12 
9.2859 -6.09247e-12 
9.2968 -6.07927e-12 
9.3077 -6.0661e-12 
9.3186 -6.05298e-12 
9.3295 -6.0399e-12 
9.3404 -6.02687e-12 
9.3513 -6.01388e-12 
9.3622 -6.00093e-12 
9.3731 -5.98803e-12 
9.384 -5.97516e-12 
9.3949 -5.96234e-12 
9.4058 -5.94957e-12 
9.4167 -5.93683e-12 
9.4276 -5.92414e-12 
9.4385 -5.91149e-12 
9.4494 -5.89888e-12 
9.4603 -5.88631e-12 
9.4712 -5.87378e-12 
9.4821 -5.86129e-12 
9.493 -5.84884e-12 
9.5039 -5.83644e-12 
9.5148 -5.82407e-12 
9.5257 -5.81175e-12 
9.5366 -5.79946e-12 
9.5475 -5.78722e-12 
9.5584 -5.77501e-12 
9.5693 -5.76284e-12 
9.5802 -5.75072e-12 
9.5911 -5.73863e-12 
9.602 -5.72658e-12 
9.6129 -5.71457e-12 
9.6238 -5.7026e-12 
9.6347 -5.69067e-12 
9.6456 -5.67877e-12 
9.6565 -5.66691e-12 
9.6674 -5.65509e-12 
9.6783 -5.64331e-12 
9.6892 -5.63157e-12 
9.7001 -5.61986e-12 
9.711 -5.60819e-12 
9.7219 -5.59656e-12 
9.7328 -5.58497e-12 
9.7437 -5.57341e-12 
9.7546 -5.56189e-12 
9.7655 -5.5504e-12 
9.7764 -5.53895e-12 
9.7873 -5.52754e-12 
9.7982 -5.51616e-12 
9.8091 -5.50482e-12 
9.82 -5.49352e-12 
9.8309 -5.48225e-12 
9.8418 -5.47101e-12 
9.8527 -5.45981e-12 
9.8636 -5.44865e-12 
9.8745 -5.43752e-12 
9.8854 -5.42643e-12 
9.8963 -5.41537e-12 
9.9072 -5.40434e-12 
9.9181 -5.39335e-12 
9.929 -5.38239e-12 
9.9399 -5.37147e-12 
9.9508 -5.36058e-12 
9.9617 -5.34972e-12 
9.9726 -5.3389e-12 
9.9835 -5.32811e-12 
9.9944 -5.31736e-12 
10.0053 -5.30664e-12 
10.0162 -5.29595e-12 
10.0271 -5.28529e-12 
10.038 -5.27467e-12 
10.0489 -5.26408e-12 
10.0598 -5.25352e-12 
10.0707 -5.24299e-12 
10.0816 -5.2325e-12 
10.0925 -5.22204e-12 
10.1034 -5.21161e-12 
10.1143 -5.20121e-12 
10.1252 -5.19084e-12 
10.1361 -5.18051e-12 
10.147 -5.1702e-12 
10.1579 -5.15993e-12 
10.1688 -5.14969e-12 
10.1797 -5.13948e-12 
10.1906 -5.1293e-12 
10.2015 -5.11915e-12 
10.2124 -5.10903e-12 
10.2233 -5.09894e-12 
10.2342 -5.08889e-12 
10.2451 -5.07886e-12 
10.256 -5.06886e-12 
10.2669 -5.0589e-12 
10.2778 -5.04896e-12 
10.2887 -5.03905e-12 
10.2996 -5.02917e-12 
10.3105 -5.01933e-12 
10.3214 -5.00951e-12 
10.3323 -4.99972e-12 
10.3432 -4.98996e-12 
10.3541 -4.98023e-12 
10.365 -4.97052e-12 
10.3759 -4.96085e-12 
10.3868 -4.9512e-12 
10.3977 -4.94159e-12 
10.4086 -4.932e-12 
10.4195 -4.92244e-12 
10.4304 -4.91291e-12 
10.4413 -4.9034e-12 
10.4522 -4.89393e-12 
10.4631 -4.88448e-12 
10.474 -4.87506e-12 
10.4849 -4.86567e-12 
10.4958 -4.8563e-12 
10.5067 -4.84697e-12 
10.5176 -4.83766e-12 
10.5285 -4.82837e-12 
10.5394 -4.81912e-12 
10.5503 -4.80989e-12 
10.5612 -4.80069e-12 
10.5721 -4.79151e-12 
10.583 -4.78236e-12 
10.5939 -4.77324e-12 
10.6048 -4.76415e-12 
10.6157 -4.75508e-12 
10.6266 -4.74603e-12 
10.6375 -4.73702e-12 
10.6484 -4.72803e-12 
10.6593 -4.71906e-12 
10.6702 -4.71012e-12 
10.6811 -4.70121e-12 
10.692 -4.69232e-12 
10.7029 -4.68346e-12 
10.7138 -4.67462e-12 
10.7247 -4.66581e-12 
10.7356 -4.65703e-12 
10.7465 -4.64827e-12 
10.7574 -4.63953e-12 
10.7683 -4.63082e-12 
10.7792 -4.62213e-12 
10.7901 -4.61347e-12 
10.801 -4.60484e-12 
10.8119 -4.59622e-12 
10.8228 -4.58764e-12 
10.8337 -4.57907e-12 
10.8446 -4.57053e-12 
10.8555 -4.56202e-12 
10.8664 -4.55353e-12 
10.8773 -4.54506e-12 
10.8882 -4.53662e-12 
10.8991 -4.5282e-12 
10.91 -4.5198e-12 
10.9209 -4.51143e-12 
10.9318 -4.50308e-12 
10.9427 -4.49476e-12 
10.9536 -4.48646e-12 
10.9645 -4.47818e-12 
10.9754 -4.46992e-12 
10.9863 -4.46169e-12 
10.9972 -4.45348e-12 
11.0081 -4.4453e-12 
11.019 -4.43713e-12 
11.0299 -4.42899e-12 
11.0408 -4.42088e-12 
11.0517 -4.41278e-12 
11.0626 -4.40471e-12 
11.0735 -4.39666e-12 
11.0844 -4.38863e-12 
11.0953 -4.38062e-12 
11.1062 -4.37264e-12 
11.1171 -4.36468e-12 
11.128 -4.35674e-12 
11.1389 -4.34882e-12 
11.1498 -4.34093e-12 
11.1607 -4.33305e-12 
11.1716 -4.3252e-12 
11.1825 -4.31737e-12 
11.1934 -4.30956e-12 
11.2043 -4.30177e-12 
11.2152 -4.294e-12 
11.2261 -4.28626e-12 
11.237 -4.27853e-12 
11.2479 -4.27083e-12 
11.2588 -4.26315e-12 
11.2697 -4.25549e-12 
11.2806 -4.24785e-12 
11.2915 -4.24023e-12 
11.3024 -4.23263e-12 
11.3133 -4.22505e-12 
11.3242 -4.21749e-12 
11.3351 -4.20996e-12 
11.346 -4.20244e-12 
11.3569 -4.19494e-12 
11.3678 -4.18747e-12 
11.3787 -4.18001e-12 
11.3896 -4.17258e-12 
11.4005 -4.16516e-12 
11.4114 -4.15776e-12 
11.4223 -4.15039e-12 
11.4332 -4.14303e-12 
11.4441 -4.13569e-12 
11.455 -4.12838e-12 
11.4659 -4.12108e-12 
11.4768 -4.1138e-12 
11.4877 -4.10654e-12 
11.4986 -4.09931e-12 
11.5095 -4.09209e-12 
11.5204 -4.08489e-12 
11.5313 -4.07771e-12 
11.5422 -4.07054e-12 
11.5531 -4.0634e-12 
11.564 -4.05628e-12 
11.5749 -4.04917e-12 
11.5858 -4.04209e-12 
11.5967 -4.03502e-12 
11.6076 -4.02797e-12 
11.6185 -4.02094e-12 
11.6294 -4.01393e-12 
11.6403 -4.00693e-12 
11.6512 -3.99996e-12 
11.6621 -3.993e-12 
11.673 -3.98607e-12 
11.6839 -3.97915e-12 
11.6948 -3.97224e-12 
11.7057 -3.96536e-12 
11.7166 -3.9585e-12 
11.7275 -3.95165e-12 
11.7384 -3.94482e-12 
11.7493 -3.93801e-12 
11.7602 -3.93121e-12 
11.7711 -3.92444e-12 
11.782 -3.91768e-12 
11.7929 -3.91094e-12 
11.8038 -3.90421e-12 
11.8147 -3.89751e-12 
11.8256 -3.89082e-12 
11.8365 -3.88415e-12 
11.8474 -3.8775e-12 
11.8583 -3.87086e-12 
11.8692 -3.86424e-12 
11.8801 -3.85764e-12 
11.891 -3.85105e-12 
11.9019 -3.84448e-12 
11.9128 -3.83793e-12 
11.9237 -3.8314e-12 
11.9346 -3.82488e-12 
11.9455 -3.81838e-12 
11.9564 -3.8119e-12 
11.9673 -3.80543e-12 
11.9782 -3.79898e-12 
11.9891 -3.79254e-12 
