0.01 -1.87326e-06 
0.0209 -2.0201e-06 
0.0318 -2.18581e-06 
0.0427 -2.37397e-06 
0.0536 -2.58901e-06 
0.0645 -2.83657e-06 
0.0754 -3.12384e-06 
0.0863 -3.46016e-06 
0.0972 -3.85779e-06 
0.1081 -4.33316e-06 
0.119 -4.90862e-06 
0.1299 -5.6152e-06 
0.1408 -6.49717e-06 
0.1517 -7.61923e-06 
0.1626 -9.07922e-06 
0.1735 -1.10305e-05 
0.1844 -1.3725e-05 
0.1953 -1.75988e-05 
0.2062 -2.34627e-05 
0.2171 -3.2955e-05 
0.228 -4.9788e-05 
0.2389 -8.37256e-05 
0.2498 -0.000165903 
0.2607 -0.000407639 
0.2716 -0.000744308 
0.2825 -0.000353379 
0.2934 -0.000141832 
0.3043 -7.06622e-05 
0.3152 -4.11802e-05 
0.3261 -2.65931e-05 
0.337 -1.84267e-05 
0.3479 -1.34343e-05 
0.3588 -1.01776e-05 
0.3697 -7.94609e-06 
0.3806 -6.35734e-06 
0.3915 -5.19203e-06 
0.4024 -4.31839e-06 
0.4133 -3.65505e-06 
0.4242 -3.15054e-06 
0.4351 -2.76349e-06 
0.446 -2.45565e-06 
0.4569 -2.20017e-06 
0.4678 -1.98119e-06 
0.4787 -1.78916e-06 
0.4896 -1.61819e-06 
0.5005 -1.46444e-06 
0.5114 -1.32532e-06 
0.5223 -1.19891e-06 
0.5332 -1.0838e-06 
0.5441 -9.78836e-07 
0.555 -8.83082e-07 
0.5659 -7.95733e-07 
0.5768 -7.16072e-07 
0.5877 -6.43467e-07 
0.5986 -5.77355e-07 
0.6095 -5.17225e-07 
0.6204 -4.62606e-07 
0.6313 -4.13079e-07 
0.6422 -3.6826e-07 
0.6531 -3.27807e-07 
0.664 -2.91411e-07 
0.6749 -2.58787e-07 
0.6858 -2.297e-07 
0.6967 -2.0393e-07 
0.7076 -1.813e-07 
0.7185 -1.6166e-07 
0.7294 -1.44895e-07 
0.7403 -1.30926e-07 
0.7512 -1.19713e-07 
0.7621 -1.11263e-07 
0.773 -1.05631e-07 
0.7839 -1.02938e-07 
0.7948 -1.03377e-07 
0.8057 -1.07237e-07 
0.8166 -1.14922e-07 
0.8275 -1.26988e-07 
0.8384 -1.44175e-07 
0.8493 -1.67458e-07 
0.8602 -1.98097e-07 
0.8711 -2.37659e-07 
0.882 -2.87986e-07 
0.8929 -3.51011e-07 
0.9038 -4.28167e-07 
0.9147 -5.19183e-07 
0.9256 -6.19853e-07 
0.9365 -7.19242e-07 
0.9474 -7.98649e-07 
0.9583 -8.36372e-07 
0.9692 -8.19312e-07 
0.9801 -7.52287e-07 
0.991 -6.54618e-07 
1.0019 -5.47945e-07 
1.0128 -4.47366e-07 
1.0237 -3.60045e-07 
1.0346 -2.87701e-07 
1.0455 -2.29374e-07 
1.0564 -1.83239e-07 
1.0673 -1.47595e-07 
1.0782 -1.2153e-07 
1.0891 -1.05917e-07 
1.1 -1.03905e-07 
1.1109 -1.12518e-07 
1.1218 -1.22097e-07 
1.1327 -1.29447e-07 
1.1436 -1.34665e-07 
1.1545 -1.38235e-07 
1.1654 -1.40557e-07 
1.1763 -1.41924e-07 
1.1872 -1.42549e-07 
1.1981 -1.4259e-07 
1.209 -1.42164e-07 
1.2199 -1.41364e-07 
1.2308 -1.4026e-07 
1.2417 -1.38911e-07 
1.2526 -1.37361e-07 
1.2635 -1.3565e-07 
1.2744 -1.33806e-07 
1.2853 -1.31857e-07 
1.2962 -1.29824e-07 
1.3071 -1.27724e-07 
1.318 -1.25573e-07 
1.3289 -1.23383e-07 
1.3398 -1.21166e-07 
1.3507 -1.18932e-07 
1.3616 -1.16688e-07 
1.3725 -1.14441e-07 
1.3834 -1.12197e-07 
1.3943 -1.09962e-07 
1.4052 -1.07739e-07 
1.4161 -1.05532e-07 
1.427 -1.03345e-07 
1.4379 -1.0118e-07 
1.4488 -9.90391e-08 
1.4597 -9.69249e-08 
1.4706 -9.4839e-08 
1.4815 -9.27823e-08 
1.4924 -9.07563e-08 
1.5033 -8.87617e-08 
1.5142 -8.67993e-08 
1.5251 -8.48703e-08 
1.536 -8.29755e-08 
1.5469 -8.11145e-08 
1.5578 -7.92877e-08 
1.5687 -7.74953e-08 
1.5796 -7.57365e-08 
1.5905 -7.40116e-08 
1.6014 -7.23202e-08 
1.6123 -7.06624e-08 
1.6232 -6.90377e-08 
1.6341 -6.74458e-08 
1.645 -6.58862e-08 
1.6559 -6.43589e-08 
1.6668 -6.2863e-08 
1.6777 -6.13985e-08 
1.6886 -5.99647e-08 
1.6995 -5.85612e-08 
1.7104 -5.71874e-08 
1.7213 -5.5843e-08 
1.7322 -5.45271e-08 
1.7431 -5.32396e-08 
1.754 -5.198e-08 
1.7649 -5.07474e-08 
1.7758 -4.95416e-08 
1.7867 -4.83619e-08 
1.7976 -4.72076e-08 
1.8085 -4.60784e-08 
1.8194 -4.49738e-08 
1.8303 -4.3893e-08 
1.8412 -4.28356e-08 
1.8521 -4.18012e-08 
1.863 -4.07888e-08 
1.8739 -3.97983e-08 
1.8848 -3.88287e-08 
1.8957 -3.78793e-08 
1.9066 -3.69497e-08 
1.9175 -3.60391e-08 
1.9284 -3.5146e-08 
1.9393 -3.42696e-08 
1.9502 -3.34091e-08 
1.9611 -3.25646e-08 
1.972 -3.1737e-08 
1.9829 -3.09269e-08 
1.9938 -3.01342e-08 
2.0047 -2.93589e-08 
2.0156 -2.86011e-08 
2.0265 -2.78603e-08 
2.0374 -2.71366e-08 
2.0483 -2.64297e-08 
2.0592 -2.57392e-08 
2.0701 -2.5065e-08 
2.081 -2.44068e-08 
2.0919 -2.37642e-08 
2.1028 -2.31372e-08 
2.1137 -2.25252e-08 
2.1246 -2.19281e-08 
2.1355 -2.13455e-08 
2.1464 -2.07773e-08 
2.1573 -2.0223e-08 
2.1682 -1.96825e-08 
2.1791 -1.91554e-08 
2.19 -1.86415e-08 
2.2009 -1.81405e-08 
2.2118 -1.7652e-08 
2.2227 -1.7176e-08 
2.2336 -1.6712e-08 
2.2445 -1.62598e-08 
2.2554 -1.58193e-08 
2.2663 -1.539e-08 
2.2772 -1.49717e-08 
2.2881 -1.45643e-08 
2.299 -1.41676e-08 
2.3099 -1.37811e-08 
2.3208 -1.34048e-08 
2.3317 -1.30384e-08 
2.3426 -1.26816e-08 
2.3535 -1.23343e-08 
2.3644 -1.19963e-08 
2.3753 -1.16673e-08 
2.3862 -1.13471e-08 
2.3971 -1.10357e-08 
2.408 -1.07326e-08 
2.4189 -1.04378e-08 
2.4298 -1.01512e-08 
2.4407 -9.87236e-09 
2.4516 -9.60135e-09 
2.4625 -9.33785e-09 
2.4734 -9.08185e-09 
2.4843 -8.83313e-09 
2.4952 -8.59149e-09 
2.5061 -8.35683e-09 
2.517 -8.12905e-09 
2.5279 -7.90802e-09 
2.5388 -7.69362e-09 
2.5497 -7.48577e-09 
2.5606 -7.28435e-09 
2.5715 -7.08934e-09 
2.5824 -6.90075e-09 
2.5933 -6.71852e-09 
2.6042 -6.54282e-09 
2.6151 -6.37356e-09 
2.626 -6.21052e-09 
2.6369 -6.05268e-09 
2.6478 -5.8993e-09 
2.6587 -5.74985e-09 
2.6696 -5.60414e-09 
2.6805 -5.46196e-09 
2.6914 -5.32324e-09 
2.7023 -5.1878e-09 
2.7132 -5.05559e-09 
2.7241 -4.92649e-09 
2.735 -4.80045e-09 
2.7459 -4.67732e-09 
2.7568 -4.55714e-09 
2.7677 -4.43977e-09 
2.7786 -4.32515e-09 
2.7895 -4.21326e-09 
2.8004 -4.10393e-09 
2.8113 -3.99721e-09 
2.8222 -3.89301e-09 
2.8331 -3.79126e-09 
2.844 -3.6919e-09 
2.8549 -3.59485e-09 
2.8658 -3.50012e-09 
2.8767 -3.40761e-09 
2.8876 -3.31729e-09 
2.8985 -3.22912e-09 
2.9094 -3.14301e-09 
2.9203 -3.05894e-09 
2.9312 -2.97687e-09 
2.9421 -2.89676e-09 
2.953 -2.81851e-09 
2.9639 -2.74216e-09 
2.9748 -2.66759e-09 
2.9857 -2.59485e-09 
2.9966 -2.52379e-09 
3.0075 -2.45447e-09 
3.0184 -2.38679e-09 
3.0293 -2.32072e-09 
3.0402 -2.25625e-09 
3.0511 -2.19339e-09 
3.062 -2.13209e-09 
3.0729 -2.07231e-09 
3.0838 -2.01398e-09 
3.0947 -1.95711e-09 
3.1056 -1.9016e-09 
3.1165 -1.84749e-09 
3.1274 -1.79469e-09 
3.1383 -1.74319e-09 
3.1492 -1.69296e-09 
3.1601 -1.64395e-09 
3.171 -1.59618e-09 
3.1819 -1.54957e-09 
3.1928 -1.50413e-09 
3.2037 -1.45981e-09 
3.2146 -1.4166e-09 
3.2255 -1.37446e-09 
3.2364 -1.33336e-09 
3.2473 -1.29331e-09 
3.2582 -1.25425e-09 
3.2691 -1.21617e-09 
3.28 -1.17906e-09 
3.2909 -1.14287e-09 
3.3018 -1.10761e-09 
3.3127 -1.07324e-09 
3.3236 -1.03974e-09 
3.3345 -1.00711e-09 
3.3454 -9.75291e-10 
3.3563 -9.44306e-10 
3.3672 -9.14102e-10 
3.3781 -8.84688e-10 
3.389 -8.56038e-10 
3.3999 -8.28124e-10 
3.4108 -8.00938e-10 
3.4217 -7.74472e-10 
3.4326 -7.48691e-10 
3.4435 -7.23588e-10 
3.4544 -6.99156e-10 
3.4653 -6.75369e-10 
3.4762 -6.52215e-10 
3.4871 -6.29678e-10 
3.498 -6.07752e-10 
3.5089 -5.86422e-10 
3.5198 -5.65665e-10 
3.5307 -5.45474e-10 
3.5416 -5.25838e-10 
3.5525 -5.06743e-10 
3.5634 -4.88175e-10 
3.5743 -4.70126e-10 
3.5852 -4.52583e-10 
3.5961 -4.35533e-10 
3.607 -4.18967e-10 
3.6179 -4.02875e-10 
3.6288 -3.87244e-10 
3.6397 -3.72065e-10 
3.6506 -3.57329e-10 
3.6615 -3.43027e-10 
3.6724 -3.29147e-10 
3.6833 -3.15681e-10 
3.6942 -3.02621e-10 
3.7051 -2.89957e-10 
3.716 -2.77681e-10 
3.7269 -2.65785e-10 
3.7378 -2.5426e-10 
3.7487 -2.43099e-10 
3.7596 -2.32294e-10 
3.7705 -2.21837e-10 
3.7814 -2.11724e-10 
3.7923 -2.01944e-10 
3.8032 -1.92492e-10 
3.8141 -1.83362e-10 
3.825 -1.74545e-10 
3.8359 -1.66039e-10 
3.8468 -1.57834e-10 
3.8577 -1.49927e-10 
3.8686 -1.42312e-10 
3.8795 -1.34982e-10 
3.8904 -1.27934e-10 
3.9013 -1.21162e-10 
3.9122 -1.14661e-10 
3.9231 -1.08428e-10 
3.934 -1.02458e-10 
3.9449 -9.67475e-11 
3.9558 -9.12926e-11 
3.9667 -8.60903e-11 
3.9776 -8.11375e-11 
3.9885 -7.64319e-11 
3.9994 -7.19714e-11 
4.0103 -6.77544e-11 
4.0212 -6.37799e-11 
4.0321 -6.00477e-11 
4.043 -5.65582e-11 
4.0539 -5.33129e-11 
4.0648 -5.03148e-11 
4.0757 -4.75684e-11 
4.0866 -4.50805e-11 
4.0975 -4.28613e-11 
4.1084 -4.09252e-11 
4.1193 -3.92926e-11 
4.1302 -3.7988e-11 
4.1411 -3.70113e-11 
4.152 -3.62824e-11 
4.1629 -3.5695e-11 
4.1738 -3.51888e-11 
4.1847 -3.47348e-11 
4.1956 -3.43181e-11 
4.2065 -3.39295e-11 
4.2174 -3.35634e-11 
4.2283 -3.32158e-11 
4.2392 -3.28838e-11 
4.2501 -3.25654e-11 
4.261 -3.22588e-11 
4.2719 -3.19628e-11 
4.2828 -3.16764e-11 
4.2937 -3.13985e-11 
4.3046 -3.11285e-11 
4.3155 -3.08659e-11 
4.3264 -3.061e-11 
4.3373 -3.03603e-11 
4.3482 -3.01166e-11 
4.3591 -2.98783e-11 
4.37 -2.96453e-11 
4.3809 -2.94172e-11 
4.3918 -2.91938e-11 
4.4027 -2.89748e-11 
4.4136 -2.87601e-11 
4.4245 -2.85494e-11 
4.4354 -2.83426e-11 
4.4463 -2.81395e-11 
4.4572 -2.794e-11 
4.4681 -2.77439e-11 
4.479 -2.7551e-11 
4.4899 -2.73614e-11 
4.5008 -2.71748e-11 
4.5117 -2.69912e-11 
4.5226 -2.68105e-11 
4.5335 -2.66326e-11 
4.5444 -2.64573e-11 
4.5553 -2.62846e-11 
4.5662 -2.61145e-11 
4.5771 -2.59468e-11 
4.588 -2.57816e-11 
4.5989 -2.56186e-11 
4.6098 -2.54579e-11 
4.6207 -2.52994e-11 
4.6316 -2.5143e-11 
4.6425 -2.49888e-11 
4.6534 -2.48365e-11 
4.6643 -2.46863e-11 
4.6752 -2.4538e-11 
4.6861 -2.43915e-11 
4.697 -2.4247e-11 
4.7079 -2.41042e-11 
4.7188 -2.39632e-11 
4.7297 -2.38239e-11 
4.7406 -2.36863e-11 
4.7515 -2.35504e-11 
4.7624 -2.3416e-11 
4.7733 -2.32833e-11 
4.7842 -2.31521e-11 
4.7951 -2.30224e-11 
4.806 -2.28942e-11 
4.8169 -2.27675e-11 
4.8278 -2.26422e-11 
4.8387 -2.25183e-11 
4.8496 -2.23957e-11 
4.8605 -2.22745e-11 
4.8714 -2.21547e-11 
4.8823 -2.20361e-11 
4.8932 -2.19188e-11 
4.9041 -2.18027e-11 
4.915 -2.16879e-11 
4.9259 -2.15743e-11 
4.9368 -2.14618e-11 
4.9477 -2.13505e-11 
4.9586 -2.12404e-11 
4.9695 -2.11314e-11 
4.9804 -2.10235e-11 
4.9913 -2.09166e-11 
5.0022 -2.08109e-11 
5.0131 -2.07062e-11 
5.024 -2.06025e-11 
5.0349 -2.04998e-11 
5.0458 -2.03981e-11 
5.0567 -2.02974e-11 
5.0676 -2.01977e-11 
5.0785 -2.00989e-11 
5.0894 -2.00011e-11 
5.1003 -1.99041e-11 
5.1112 -1.98081e-11 
5.1221 -1.9713e-11 
5.133 -1.96187e-11 
5.1439 -1.95254e-11 
5.1548 -1.94328e-11 
5.1657 -1.93411e-11 
5.1766 -1.92503e-11 
5.1875 -1.91602e-11 
5.1984 -1.9071e-11 
5.2093 -1.89825e-11 
5.2202 -1.88948e-11 
5.2311 -1.88079e-11 
5.242 -1.87218e-11 
5.2529 -1.86364e-11 
5.2638 -1.85517e-11 
5.2747 -1.84677e-11 
5.2856 -1.83845e-11 
5.2965 -1.8302e-11 
5.3074 -1.82202e-11 
5.3183 -1.8139e-11 
5.3292 -1.80585e-11 
5.3401 -1.79788e-11 
5.351 -1.78996e-11 
5.3619 -1.78211e-11 
5.3728 -1.77433e-11 
5.3837 -1.76661e-11 
5.3946 -1.75895e-11 
5.4055 -1.75135e-11 
5.4164 -1.74381e-11 
5.4273 -1.73634e-11 
5.4382 -1.72892e-11 
5.4491 -1.72156e-11 
5.46 -1.71426e-11 
5.4709 -1.70702e-11 
5.4818 -1.69983e-11 
5.4927 -1.6927e-11 
5.5036 -1.68562e-11 
5.5145 -1.6786e-11 
5.5254 -1.67163e-11 
5.5363 -1.66471e-11 
5.5472 -1.65785e-11 
5.5581 -1.65104e-11 
5.569 -1.64428e-11 
5.5799 -1.63756e-11 
5.5908 -1.6309e-11 
5.6017 -1.62429e-11 
5.6126 -1.61773e-11 
5.6235 -1.61121e-11 
5.6344 -1.60475e-11 
5.6453 -1.59833e-11 
5.6562 -1.59195e-11 
5.6671 -1.58563e-11 
5.678 -1.57934e-11 
5.6889 -1.5731e-11 
5.6998 -1.56691e-11 
5.7107 -1.56076e-11 
5.7216 -1.55466e-11 
5.7325 -1.54859e-11 
5.7434 -1.54257e-11 
5.7543 -1.53659e-11 
5.7652 -1.53065e-11 
5.7761 -1.52476e-11 
5.787 -1.5189e-11 
5.7979 -1.51309e-11 
5.8088 -1.50731e-11 
5.8197 -1.50157e-11 
5.8306 -1.49587e-11 
5.8415 -1.49021e-11 
5.8524 -1.48459e-11 
5.8633 -1.47901e-11 
5.8742 -1.47346e-11 
5.8851 -1.46795e-11 
5.896 -1.46248e-11 
5.9069 -1.45704e-11 
5.9178 -1.45164e-11 
5.9287 -1.44627e-11 
5.9396 -1.44094e-11 
5.9505 -1.43564e-11 
5.9614 -1.43038e-11 
5.9723 -1.42515e-11 
5.9832 -1.41995e-11 
5.9941 -1.41479e-11 
6.005 -1.40966e-11 
6.0159 -1.40456e-11 
6.0268 -1.3995e-11 
6.0377 -1.39447e-11 
6.0486 -1.38946e-11 
6.0595 -1.38449e-11 
6.0704 -1.37956e-11 
6.0813 -1.37465e-11 
6.0922 -1.36977e-11 
6.1031 -1.36492e-11 
6.114 -1.3601e-11 
6.1249 -1.35531e-11 
6.1358 -1.35055e-11 
6.1467 -1.34582e-11 
6.1576 -1.34112e-11 
6.1685 -1.33645e-11 
6.1794 -1.3318e-11 
6.1903 -1.32718e-11 
6.2012 -1.32259e-11 
6.2121 -1.31803e-11 
6.223 -1.3135e-11 
6.2339 -1.30899e-11 
6.2448 -1.3045e-11 
6.2557 -1.30005e-11 
6.2666 -1.29562e-11 
6.2775 -1.29121e-11 
6.2884 -1.28684e-11 
6.2993 -1.28248e-11 
6.3102 -1.27816e-11 
6.3211 -1.27385e-11 
6.332 -1.26957e-11 
6.3429 -1.26532e-11 
6.3538 -1.26109e-11 
6.3647 -1.25689e-11 
6.3756 -1.25271e-11 
6.3865 -1.24855e-11 
6.3974 -1.24441e-11 
6.4083 -1.2403e-11 
6.4192 -1.23621e-11 
6.4301 -1.23215e-11 
6.441 -1.22811e-11 
6.4519 -1.22409e-11 
6.4628 -1.22009e-11 
6.4737 -1.21611e-11 
6.4846 -1.21216e-11 
6.4955 -1.20823e-11 
6.5064 -1.20432e-11 
6.5173 -1.20043e-11 
6.5282 -1.19656e-11 
6.5391 -1.19271e-11 
6.55 -1.18889e-11 
6.5609 -1.18508e-11 
6.5718 -1.1813e-11 
6.5827 -1.17753e-11 
6.5936 -1.17379e-11 
6.6045 -1.17006e-11 
6.6154 -1.16636e-11 
6.6263 -1.16267e-11 
6.6372 -1.15901e-11 
6.6481 -1.15536e-11 
6.659 -1.15173e-11 
6.6699 -1.14812e-11 
6.6808 -1.14453e-11 
6.6917 -1.14096e-11 
6.7026 -1.13741e-11 
6.7135 -1.13388e-11 
6.7244 -1.13036e-11 
6.7353 -1.12686e-11 
6.7462 -1.12338e-11 
6.7571 -1.11992e-11 
6.768 -1.11648e-11 
6.7789 -1.11305e-11 
6.7898 -1.10964e-11 
6.8007 -1.10625e-11 
6.8116 -1.10288e-11 
6.8225 -1.09952e-11 
6.8334 -1.09618e-11 
6.8443 -1.09286e-11 
6.8552 -1.08955e-11 
6.8661 -1.08626e-11 
6.877 -1.08298e-11 
6.8879 -1.07973e-11 
6.8988 -1.07648e-11 
6.9097 -1.07326e-11 
6.9206 -1.07005e-11 
6.9315 -1.06686e-11 
6.9424 -1.06368e-11 
6.9533 -1.06051e-11 
6.9642 -1.05737e-11 
6.9751 -1.05424e-11 
6.986 -1.05112e-11 
6.9969 -1.04802e-11 
7.0078 -1.04493e-11 
7.0187 -1.04186e-11 
7.0296 -1.0388e-11 
7.0405 -1.03576e-11 
7.0514 -1.03273e-11 
7.0623 -1.02972e-11 
7.0732 -1.02672e-11 
7.0841 -1.02374e-11 
7.095 -1.02076e-11 
7.1059 -1.01781e-11 
7.1168 -1.01487e-11 
7.1277 -1.01194e-11 
7.1386 -1.00902e-11 
7.1495 -1.00612e-11 
7.1604 -1.00323e-11 
7.1713 -1.00036e-11 
7.1822 -9.97499e-12 
7.1931 -9.94652e-12 
7.204 -9.91818e-12 
7.2149 -9.88997e-12 
7.2258 -9.86189e-12 
7.2367 -9.83394e-12 
7.2476 -9.80611e-12 
7.2585 -9.77842e-12 
7.2694 -9.75085e-12 
7.2803 -9.72341e-12 
7.2912 -9.69609e-12 
7.3021 -9.6689e-12 
7.313 -9.64183e-12 
7.3239 -9.61488e-12 
7.3348 -9.58805e-12 
7.3457 -9.56135e-12 
7.3566 -9.53476e-12 
7.3675 -9.5083e-12 
7.3784 -9.48195e-12 
7.3893 -9.45572e-12 
7.4002 -9.4296e-12 
7.4111 -9.40361e-12 
7.422 -9.37772e-12 
7.4329 -9.35196e-12 
7.4438 -9.3263e-12 
7.4547 -9.30076e-12 
7.4656 -9.27533e-12 
7.4765 -9.25002e-12 
7.4874 -9.22481e-12 
7.4983 -9.19972e-12 
7.5092 -9.17473e-12 
7.5201 -9.14986e-12 
7.531 -9.12509e-12 
7.5419 -9.10043e-12 
7.5528 -9.07587e-12 
7.5637 -9.05142e-12 
7.5746 -9.02708e-12 
7.5855 -9.00284e-12 
7.5964 -8.97871e-12 
7.6073 -8.95467e-12 
7.6182 -8.93075e-12 
7.6291 -8.90692e-12 
7.64 -8.8832e-12 
7.6509 -8.85957e-12 
7.6618 -8.83605e-12 
7.6727 -8.81262e-12 
7.6836 -8.7893e-12 
7.6945 -8.76607e-12 
7.7054 -8.74294e-12 
7.7163 -8.71991e-12 
7.7272 -8.69698e-12 
7.7381 -8.67414e-12 
7.749 -8.65139e-12 
7.7599 -8.62874e-12 
7.7708 -8.60619e-12 
7.7817 -8.58373e-12 
7.7926 -8.56136e-12 
7.8035 -8.53908e-12 
7.8144 -8.5169e-12 
7.8253 -8.49481e-12 
7.8362 -8.47281e-12 
7.8471 -8.4509e-12 
7.858 -8.42908e-12 
7.8689 -8.40734e-12 
7.8798 -8.3857e-12 
7.8907 -8.36415e-12 
7.9016 -8.34268e-12 
7.9125 -8.3213e-12 
7.9234 -8.30001e-12 
7.9343 -8.2788e-12 
7.9452 -8.25768e-12 
7.9561 -8.23664e-12 
7.967 -8.21569e-12 
7.9779 -8.19482e-12 
7.9888 -8.17404e-12 
7.9997 -8.15334e-12 
8.0106 -8.13272e-12 
8.0215 -8.11219e-12 
8.0324 -8.09173e-12 
8.0433 -8.07136e-12 
8.0542 -8.05107e-12 
8.0651 -8.03086e-12 
8.076 -8.01073e-12 
8.0869 -7.99067e-12 
8.0978 -7.9707e-12 
8.1087 -7.95081e-12 
8.1196 -7.93099e-12 
8.1305 -7.91125e-12 
8.1414 -7.89159e-12 
8.1523 -7.87201e-12 
8.1632 -7.8525e-12 
8.1741 -7.83307e-12 
8.185 -7.81371e-12 
8.1959 -7.79443e-12 
8.2068 -7.77522e-12 
8.2177 -7.75609e-12 
8.2286 -7.73703e-12 
8.2395 -7.71805e-12 
8.2504 -7.69914e-12 
8.2613 -7.6803e-12 
8.2722 -7.66153e-12 
8.2831 -7.64284e-12 
8.294 -7.62421e-12 
8.3049 -7.60566e-12 
8.3158 -7.58718e-12 
8.3267 -7.56877e-12 
8.3376 -7.55042e-12 
8.3485 -7.53215e-12 
8.3594 -7.51395e-12 
8.3703 -7.49581e-12 
8.3812 -7.47775e-12 
8.3921 -7.45975e-12 
8.403 -7.44182e-12 
8.4139 -7.42396e-12 
8.4248 -7.40616e-12 
8.4357 -7.38843e-12 
8.4466 -7.37077e-12 
8.4575 -7.35317e-12 
8.4684 -7.33564e-12 
8.4793 -7.31818e-12 
8.4902 -7.30078e-12 
8.5011 -7.28344e-12 
8.512 -7.26617e-12 
8.5229 -7.24896e-12 
8.5338 -7.23181e-12 
8.5447 -7.21473e-12 
8.5556 -7.19771e-12 
8.5665 -7.18076e-12 
8.5774 -7.16386e-12 
8.5883 -7.14703e-12 
8.5992 -7.13026e-12 
8.6101 -7.11355e-12 
8.621 -7.0969e-12 
8.6319 -7.08031e-12 
8.6428 -7.06378e-12 
8.6537 -7.04731e-12 
8.6646 -7.03091e-12 
8.6755 -7.01456e-12 
8.6864 -6.99827e-12 
8.6973 -6.98204e-12 
8.7082 -6.96586e-12 
8.7191 -6.94975e-12 
8.73 -6.93369e-12 
8.7409 -6.91769e-12 
8.7518 -6.90175e-12 
8.7627 -6.88587e-12 
8.7736 -6.87004e-12 
8.7845 -6.85427e-12 
8.7954 -6.83855e-12 
8.8063 -6.82289e-12 
8.8172 -6.80729e-12 
8.8281 -6.79174e-12 
8.839 -6.77625e-12 
8.8499 -6.76081e-12 
8.8608 -6.74542e-12 
8.8717 -6.73009e-12 
8.8826 -6.71482e-12 
8.8935 -6.6996e-12 
8.9044 -6.68443e-12 
8.9153 -6.66931e-12 
8.9262 -6.65425e-12 
8.9371 -6.63924e-12 
8.948 -6.62428e-12 
8.9589 -6.60937e-12 
8.9698 -6.59452e-12 
8.9807 -6.57972e-12 
8.9916 -6.56497e-12 
9.0025 -6.55027e-12 
9.0134 -6.53562e-12 
9.0243 -6.52102e-12 
9.0352 -6.50647e-12 
9.0461 -6.49197e-12 
9.057 -6.47752e-12 
9.0679 -6.46313e-12 
9.0788 -6.44878e-12 
9.0897 -6.43448e-12 
9.1006 -6.42023e-12 
9.1115 -6.40602e-12 
9.1224 -6.39187e-12 
9.1333 -6.37776e-12 
9.1442 -6.36371e-12 
9.1551 -6.3497e-12 
9.166 -6.33573e-12 
9.1769 -6.32182e-12 
9.1878 -6.30795e-12 
9.1987 -6.29413e-12 
9.2096 -6.28036e-12 
9.2205 -6.26663e-12 
9.2314 -6.25295e-12 
9.2423 -6.23931e-12 
9.2532 -6.22572e-12 
9.2641 -6.21218e-12 
9.275 -6.19868e-12 
9.2859 -6.18522e-12 
9.2968 -6.17182e-12 
9.3077 -6.15845e-12 
9.3186 -6.14513e-12 
9.3295 -6.13186e-12 
9.3404 -6.11863e-12 
9.3513 -6.10544e-12 
9.3622 -6.09229e-12 
9.3731 -6.07919e-12 
9.384 -6.06614e-12 
9.3949 -6.05312e-12 
9.4058 -6.04015e-12 
9.4167 -6.02723e-12 
9.4276 -6.01434e-12 
9.4385 -6.0015e-12 
9.4494 -5.9887e-12 
9.4603 -5.97594e-12 
9.4712 -5.96322e-12 
9.4821 -5.95054e-12 
9.493 -5.93791e-12 
9.5039 -5.92532e-12 
9.5148 -5.91276e-12 
9.5257 -5.90025e-12 
9.5366 -5.88778e-12 
9.5475 -5.87535e-12 
9.5584 -5.86296e-12 
9.5693 -5.85061e-12 
9.5802 -5.8383e-12 
9.5911 -5.82603e-12 
9.602 -5.8138e-12 
9.6129 -5.80161e-12 
9.6238 -5.78945e-12 
9.6347 -5.77734e-12 
9.6456 -5.76527e-12 
9.6565 -5.75323e-12 
9.6674 -5.74123e-12 
9.6783 -5.72927e-12 
9.6892 -5.71735e-12 
9.7001 -5.70547e-12 
9.711 -5.69363e-12 
9.7219 -5.68182e-12 
9.7328 -5.67005e-12 
9.7437 -5.65832e-12 
9.7546 -5.64662e-12 
9.7655 -5.63496e-12 
9.7764 -5.62334e-12 
9.7873 -5.61176e-12 
9.7982 -5.60021e-12 
9.8091 -5.5887e-12 
9.82 -5.57722e-12 
9.8309 -5.56578e-12 
9.8418 -5.55438e-12 
9.8527 -5.54301e-12 
9.8636 -5.53168e-12 
9.8745 -5.52038e-12 
9.8854 -5.50912e-12 
9.8963 -5.49789e-12 
9.9072 -5.4867e-12 
9.9181 -5.47554e-12 
9.929 -5.46442e-12 
9.9399 -5.45333e-12 
9.9508 -5.44228e-12 
9.9617 -5.43126e-12 
9.9726 -5.42027e-12 
9.9835 -5.40932e-12 
9.9944 -5.39841e-12 
10.0053 -5.38752e-12 
10.0162 -5.37667e-12 
10.0271 -5.36585e-12 
10.038 -5.35507e-12 
10.0489 -5.34432e-12 
10.0598 -5.3336e-12 
10.0707 -5.32292e-12 
10.0816 -5.31227e-12 
10.0925 -5.30165e-12 
10.1034 -5.29106e-12 
10.1143 -5.28051e-12 
10.1252 -5.26998e-12 
10.1361 -5.25949e-12 
10.147 -5.24903e-12 
10.1579 -5.23861e-12 
10.1688 -5.22821e-12 
10.1797 -5.21785e-12 
10.1906 -5.20751e-12 
10.2015 -5.19721e-12 
10.2124 -5.18694e-12 
10.2233 -5.1767e-12 
10.2342 -5.16649e-12 
10.2451 -5.15631e-12 
10.256 -5.14617e-12 
10.2669 -5.13605e-12 
10.2778 -5.12596e-12 
10.2887 -5.11591e-12 
10.2996 -5.10588e-12 
10.3105 -5.09588e-12 
10.3214 -5.08592e-12 
10.3323 -5.07598e-12 
10.3432 -5.06607e-12 
10.3541 -5.05619e-12 
10.365 -5.04635e-12 
10.3759 -5.03653e-12 
10.3868 -5.02674e-12 
10.3977 -5.01697e-12 
10.4086 -5.00724e-12 
10.4195 -4.99754e-12 
10.4304 -4.98786e-12 
10.4413 -4.97822e-12 
10.4522 -4.9686e-12 
10.4631 -4.95901e-12 
10.474 -4.94945e-12 
10.4849 -4.93991e-12 
10.4958 -4.93041e-12 
10.5067 -4.92093e-12 
10.5176 -4.91148e-12 
10.5285 -4.90206e-12 
10.5394 -4.89266e-12 
10.5503 -4.88329e-12 
10.5612 -4.87395e-12 
10.5721 -4.86464e-12 
10.583 -4.85535e-12 
10.5939 -4.84609e-12 
10.6048 -4.83686e-12 
10.6157 -4.82765e-12 
10.6266 -4.81848e-12 
10.6375 -4.80932e-12 
10.6484 -4.8002e-12 
10.6593 -4.7911e-12 
10.6702 -4.78202e-12 
10.6811 -4.77298e-12 
10.692 -4.76396e-12 
10.7029 -4.75496e-12 
10.7138 -4.74599e-12 
10.7247 -4.73705e-12 
10.7356 -4.72813e-12 
10.7465 -4.71923e-12 
10.7574 -4.71037e-12 
10.7683 -4.70152e-12 
10.7792 -4.69271e-12 
10.7901 -4.68392e-12 
10.801 -4.67515e-12 
10.8119 -4.66641e-12 
10.8228 -4.65769e-12 
10.8337 -4.649e-12 
10.8446 -4.64033e-12 
10.8555 -4.63169e-12 
10.8664 -4.62307e-12 
10.8773 -4.61447e-12 
10.8882 -4.6059e-12 
10.8991 -4.59736e-12 
10.91 -4.58884e-12 
10.9209 -4.58034e-12 
10.9318 -4.57186e-12 
10.9427 -4.56341e-12 
10.9536 -4.55499e-12 
10.9645 -4.54658e-12 
10.9754 -4.5382e-12 
10.9863 -4.52985e-12 
10.9972 -4.52152e-12 
11.0081 -4.51321e-12 
11.019 -4.50492e-12 
11.0299 -4.49666e-12 
11.0408 -4.48842e-12 
11.0517 -4.4802e-12 
11.0626 -4.472e-12 
11.0735 -4.46383e-12 
11.0844 -4.45568e-12 
11.0953 -4.44756e-12 
11.1062 -4.43945e-12 
11.1171 -4.43137e-12 
11.128 -4.42331e-12 
11.1389 -4.41527e-12 
11.1498 -4.40726e-12 
11.1607 -4.39927e-12 
11.1716 -4.3913e-12 
11.1825 -4.38335e-12 
11.1934 -4.37542e-12 
11.2043 -4.36751e-12 
11.2152 -4.35963e-12 
11.2261 -4.35177e-12 
11.237 -4.34393e-12 
11.2479 -4.33611e-12 
11.2588 -4.32831e-12 
11.2697 -4.32053e-12 
11.2806 -4.31278e-12 
11.2915 -4.30504e-12 
11.3024 -4.29733e-12 
11.3133 -4.28964e-12 
11.3242 -4.28196e-12 
11.3351 -4.27431e-12 
11.346 -4.26668e-12 
11.3569 -4.25907e-12 
11.3678 -4.25148e-12 
11.3787 -4.24392e-12 
11.3896 -4.23637e-12 
11.4005 -4.22884e-12 
11.4114 -4.22133e-12 
11.4223 -4.21384e-12 
11.4332 -4.20638e-12 
11.4441 -4.19893e-12 
11.455 -4.1915e-12 
11.4659 -4.1841e-12 
11.4768 -4.17671e-12 
11.4877 -4.16934e-12 
11.4986 -4.16199e-12 
11.5095 -4.15466e-12 
11.5204 -4.14735e-12 
11.5313 -4.14006e-12 
11.5422 -4.13279e-12 
11.5531 -4.12554e-12 
11.564 -4.11831e-12 
11.5749 -4.1111e-12 
11.5858 -4.10391e-12 
11.5967 -4.09673e-12 
11.6076 -4.08958e-12 
11.6185 -4.08244e-12 
11.6294 -4.07532e-12 
11.6403 -4.06822e-12 
11.6512 -4.06114e-12 
11.6621 -4.05408e-12 
11.673 -4.04704e-12 
11.6839 -4.04002e-12 
11.6948 -4.03301e-12 
11.7057 -4.02602e-12 
11.7166 -4.01905e-12 
11.7275 -4.0121e-12 
11.7384 -4.00517e-12 
11.7493 -3.99826e-12 
11.7602 -3.99136e-12 
11.7711 -3.98448e-12 
11.782 -3.97762e-12 
11.7929 -3.97078e-12 
11.8038 -3.96395e-12 
11.8147 -3.95714e-12 
11.8256 -3.95035e-12 
11.8365 -3.94358e-12 
11.8474 -3.93683e-12 
11.8583 -3.93009e-12 
11.8692 -3.92337e-12 
11.8801 -3.91667e-12 
11.891 -3.90999e-12 
11.9019 -3.90332e-12 
11.9128 -3.89667e-12 
11.9237 -3.89003e-12 
11.9346 -3.88342e-12 
11.9455 -3.87682e-12 
11.9564 -3.87024e-12 
11.9673 -3.86367e-12 
11.9782 -3.85712e-12 
11.9891 -3.85059e-12 
