0.01 -4.67157e-06 
0.0209 -5.04547e-06 
0.0318 -5.47803e-06 
0.0427 -5.98183e-06 
0.0536 -6.57375e-06 
0.0645 -7.27683e-06 
0.0754 -8.12429e-06 
0.0863 -9.16732e-06 
0.0972 -1.04948e-05 
0.1081 -1.22813e-05 
0.119 -1.48312e-05 
0.1299 -1.8409e-05 
0.1408 -2.31628e-05 
0.1517 -2.93176e-05 
0.1626 -3.72656e-05 
0.1735 -4.75889e-05 
0.1844 -6.10339e-05 
0.1953 -7.83159e-05 
0.2062 -9.94513e-05 
0.2171 -0.000122174 
0.228 -0.00014006 
0.2389 -0.000144224 
0.2498 -0.000131431 
0.2607 -0.000108322 
0.2716 -8.40694e-05 
0.2825 -6.36329e-05 
0.2934 -4.79925e-05 
0.3043 -3.64519e-05 
0.3152 -2.8e-05 
0.3261 -2.1773e-05 
0.337 -1.71316e-05 
0.3479 -1.36245e-05 
0.3588 -1.09378e-05 
0.3697 -8.85252e-06 
0.3806 -7.21456e-06 
0.3915 -5.91384e-06 
0.4024 -4.87085e-06 
0.4133 -4.02728e-06 
0.4242 -3.3398e-06 
0.4351 -2.7758e-06 
0.446 -2.31048e-06 
0.4569 -1.92473e-06 
0.4678 -1.60363e-06 
0.4787 -1.33556e-06 
0.4896 -1.11124e-06 
0.5005 -9.23336e-07 
0.5114 -7.65911e-07 
0.5223 -6.3421e-07 
0.5332 -5.24369e-07 
0.5441 -4.3325e-07 
0.555 -3.58324e-07 
0.5659 -2.97538e-07 
0.5768 -2.49261e-07 
0.5877 -2.12213e-07 
0.5986 -1.8543e-07 
0.6095 -1.68238e-07 
0.6204 -1.60226e-07 
0.6313 -1.61242e-07 
0.6422 -1.7137e-07 
0.6531 -1.90894e-07 
0.664 -2.20206e-07 
0.6749 -2.59597e-07 
0.6858 -3.08811e-07 
0.6967 -3.66238e-07 
0.7076 -4.2763e-07 
0.7185 -4.84668e-07 
0.7294 -5.24708e-07 
0.7403 -5.33947e-07 
0.7512 -5.04643e-07 
0.7621 -4.41549e-07 
0.773 -3.60696e-07 
0.7839 -2.82023e-07 
0.7948 -2.24949e-07 
0.8057 -2.03616e-07 
0.8166 -2.05235e-07 
0.8275 -2.11009e-07 
0.8384 -2.15664e-07 
0.8493 -2.18573e-07 
0.8602 -2.19937e-07 
0.8711 -2.2005e-07 
0.882 -2.1917e-07 
0.8929 -2.17503e-07 
0.9038 -2.15213e-07 
0.9147 -2.12431e-07 
0.9256 -2.09268e-07 
0.9365 -2.05803e-07 
0.9474 -2.02104e-07 
0.9583 -1.98223e-07 
0.9692 -1.94208e-07 
0.9801 -1.90094e-07 
0.991 -1.85913e-07 
1.0019 -1.81691e-07 
1.0128 -1.7745e-07 
1.0237 -1.73206e-07 
1.0346 -1.68977e-07 
1.0455 -1.64773e-07 
1.0564 -1.60606e-07 
1.0673 -1.56484e-07 
1.0782 -1.52414e-07 
1.0891 -1.48403e-07 
1.1 -1.44453e-07 
1.1109 -1.40572e-07 
1.1218 -1.36759e-07 
1.1327 -1.33018e-07 
1.1436 -1.29351e-07 
1.1545 -1.2576e-07 
1.1654 -1.22243e-07 
1.1763 -1.18803e-07 
1.1872 -1.15438e-07 
1.1981 -1.1215e-07 
1.209 -1.08936e-07 
1.2199 -1.05798e-07 
1.2308 -1.02732e-07 
1.2417 -9.97399e-08 
1.2526 -9.68181e-08 
1.2635 -9.39662e-08 
1.2744 -9.1182e-08 
1.2853 -8.84641e-08 
1.2962 -8.58097e-08 
1.3071 -8.32159e-08 
1.318 -8.06793e-08 
1.3289 -7.81945e-08 
1.3398 -7.57596e-08 
1.3507 -7.33774e-08 
1.3616 -7.10511e-08 
1.3725 -6.87821e-08 
1.3834 -6.65718e-08 
1.3943 -6.442e-08 
1.4052 -6.23269e-08 
1.4161 -6.02919e-08 
1.427 -5.83139e-08 
1.4379 -5.63932e-08 
1.4488 -5.45284e-08 
1.4597 -5.27187e-08 
1.4706 -5.09631e-08 
1.4815 -4.92607e-08 
1.4924 -4.76106e-08 
1.5033 -4.60117e-08 
1.5142 -4.44628e-08 
1.5251 -4.29629e-08 
1.536 -4.15112e-08 
1.5469 -4.01062e-08 
1.5578 -3.87471e-08 
1.5687 -3.74329e-08 
1.5796 -3.61628e-08 
1.5905 -3.49354e-08 
1.6014 -3.375e-08 
1.6123 -3.26056e-08 
1.6232 -3.15015e-08 
1.6341 -3.04367e-08 
1.645 -2.94108e-08 
1.6559 -2.84226e-08 
1.6668 -2.74721e-08 
1.6777 -2.65586e-08 
1.6886 -2.56824e-08 
1.6995 -2.48431e-08 
1.7104 -2.40407e-08 
1.7213 -2.32724e-08 
1.7322 -2.25326e-08 
1.7431 -2.18172e-08 
1.754 -2.11242e-08 
1.7649 -2.0452e-08 
1.7758 -1.97999e-08 
1.7867 -1.91669e-08 
1.7976 -1.85527e-08 
1.8085 -1.79563e-08 
1.8194 -1.73775e-08 
1.8303 -1.68156e-08 
1.8412 -1.62703e-08 
1.8521 -1.57408e-08 
1.863 -1.52271e-08 
1.8739 -1.47282e-08 
1.8848 -1.42442e-08 
1.8957 -1.37744e-08 
1.9066 -1.33186e-08 
1.9175 -1.28763e-08 
1.9284 -1.2447e-08 
1.9393 -1.20305e-08 
1.9502 -1.16264e-08 
1.9611 -1.12343e-08 
1.972 -1.0854e-08 
1.9829 -1.0485e-08 
1.9938 -1.01271e-08 
2.0047 -9.77998e-09 
2.0156 -9.4433e-09 
2.0265 -9.11675e-09 
2.0374 -8.80012e-09 
2.0483 -8.49307e-09 
2.0592 -8.19528e-09 
2.0701 -7.90653e-09 
2.081 -7.62657e-09 
2.0919 -7.35526e-09 
2.1028 -7.09219e-09 
2.1137 -6.83714e-09 
2.1246 -6.58994e-09 
2.1355 -6.35068e-09 
2.1464 -6.11921e-09 
2.1573 -5.89509e-09 
2.1682 -5.67812e-09 
2.1791 -5.46805e-09 
2.19 -5.26468e-09 
2.2009 -5.06774e-09 
2.2118 -4.87714e-09 
2.2227 -4.69258e-09 
2.2336 -4.51398e-09 
2.2445 -4.34105e-09 
2.2554 -4.17375e-09 
2.2663 -4.01181e-09 
2.2772 -3.85516e-09 
2.2881 -3.70355e-09 
2.299 -3.55691e-09 
2.3099 -3.41508e-09 
2.3208 -3.27788e-09 
2.3317 -3.14519e-09 
2.3426 -3.01692e-09 
2.3535 -2.8929e-09 
2.3644 -2.77302e-09 
2.3753 -2.65716e-09 
2.3862 -2.5452e-09 
2.3971 -2.43705e-09 
2.408 -2.33253e-09 
2.4189 -2.23163e-09 
2.4298 -2.13417e-09 
2.4407 -2.04008e-09 
2.4516 -1.94928e-09 
2.4625 -1.86165e-09 
2.4734 -1.77711e-09 
2.4843 -1.69556e-09 
2.4952 -1.61694e-09 
2.5061 -1.54114e-09 
2.517 -1.4681e-09 
2.5279 -1.39774e-09 
2.5388 -1.32996e-09 
2.5497 -1.26472e-09 
2.5606 -1.20193e-09 
2.5715 -1.14152e-09 
2.5824 -1.08344e-09 
2.5933 -1.02761e-09 
2.6042 -9.7397e-10 
2.6151 -9.22469e-10 
2.626 -8.73042e-10 
2.6369 -8.25637e-10 
2.6478 -7.80197e-10 
2.6587 -7.36672e-10 
2.6696 -6.9501e-10 
2.6805 -6.55167e-10 
2.6914 -6.17092e-10 
2.7023 -5.80747e-10 
2.7132 -5.46084e-10 
2.7241 -5.13066e-10 
2.735 -4.81654e-10 
2.7459 -4.51812e-10 
2.7568 -4.23507e-10 
2.7677 -3.96707e-10 
2.7786 -3.71383e-10 
2.7895 -3.4751e-10 
2.8004 -3.25062e-10 
2.8113 -3.04022e-10 
2.8222 -2.84372e-10 
2.8331 -2.66101e-10 
2.844 -2.49204e-10 
2.8549 -2.33679e-10 
2.8658 -2.19539e-10 
2.8767 -2.06802e-10 
2.8876 -1.95508e-10 
2.8985 -1.85714e-10 
2.9094 -1.7751e-10 
2.9203 -1.71e-10 
2.9312 -1.66153e-10 
2.9421 -1.62534e-10 
2.953 -1.59613e-10 
2.9639 -1.57092e-10 
2.9748 -1.54833e-10 
2.9857 -1.5276e-10 
2.9966 -1.50829e-10 
3.0075 -1.49012e-10 
3.0184 -1.47289e-10 
3.0293 -1.45646e-10 
3.0402 -1.44072e-10 
3.0511 -1.42559e-10 
3.062 -1.41101e-10 
3.0729 -1.39692e-10 
3.0838 -1.38327e-10 
3.0947 -1.37004e-10 
3.1056 -1.35718e-10 
3.1165 -1.34468e-10 
3.1274 -1.3325e-10 
3.1383 -1.32063e-10 
3.1492 -1.30905e-10 
3.1601 -1.29774e-10 
3.171 -1.28668e-10 
3.1819 -1.27587e-10 
3.1928 -1.26529e-10 
3.2037 -1.25494e-10 
3.2146 -1.24479e-10 
3.2255 -1.23485e-10 
3.2364 -1.2251e-10 
3.2473 -1.21553e-10 
3.2582 -1.20615e-10 
3.2691 -1.19693e-10 
3.28 -1.18788e-10 
3.2909 -1.17899e-10 
3.3018 -1.17025e-10 
3.3127 -1.16166e-10 
3.3236 -1.15322e-10 
3.3345 -1.14491e-10 
3.3454 -1.13674e-10 
3.3563 -1.1287e-10 
3.3672 -1.12078e-10 
3.3781 -1.11299e-10 
3.389 -1.10531e-10 
3.3999 -1.09776e-10 
3.4108 -1.09031e-10 
3.4217 -1.08297e-10 
3.4326 -1.07574e-10 
3.4435 -1.06861e-10 
3.4544 -1.06159e-10 
3.4653 -1.05466e-10 
3.4762 -1.04783e-10 
3.4871 -1.04109e-10 
3.498 -1.03444e-10 
3.5089 -1.02788e-10 
3.5198 -1.02141e-10 
3.5307 -1.01502e-10 
3.5416 -1.00872e-10 
3.5525 -1.00249e-10 
3.5634 -9.96346e-11 
3.5743 -9.90278e-11 
3.5852 -9.84285e-11 
3.5961 -9.78366e-11 
3.607 -9.72519e-11 
3.6179 -9.66743e-11 
3.6288 -9.61036e-11 
3.6397 -9.55397e-11 
3.6506 -9.49824e-11 
3.6615 -9.44316e-11 
3.6724 -9.38872e-11 
3.6833 -9.3349e-11 
3.6942 -9.28169e-11 
3.7051 -9.22908e-11 
3.716 -9.17706e-11 
3.7269 -9.12562e-11 
3.7378 -9.07474e-11 
3.7487 -9.02442e-11 
3.7596 -8.97464e-11 
3.7705 -8.92539e-11 
3.7814 -8.87667e-11 
3.7923 -8.82847e-11 
3.8032 -8.78077e-11 
3.8141 -8.73356e-11 
3.825 -8.68685e-11 
3.8359 -8.64061e-11 
3.8468 -8.59485e-11 
3.8577 -8.54955e-11 
3.8686 -8.5047e-11 
3.8795 -8.4603e-11 
3.8904 -8.41633e-11 
3.9013 -8.3728e-11 
3.9122 -8.3297e-11 
3.9231 -8.28701e-11 
3.934 -8.24473e-11 
3.9449 -8.20286e-11 
3.9558 -8.16139e-11 
3.9667 -8.1203e-11 
3.9776 -8.0796e-11 
3.9885 -8.03929e-11 
3.9994 -7.99934e-11 
4.0103 -7.95976e-11 
4.0212 -7.92054e-11 
4.0321 -7.88168e-11 
4.043 -7.84317e-11 
4.0539 -7.80501e-11 
4.0648 -7.76718e-11 
4.0757 -7.7297e-11 
4.0866 -7.69254e-11 
4.0975 -7.6557e-11 
4.1084 -7.61919e-11 
4.1193 -7.58299e-11 
4.1302 -7.54711e-11 
4.1411 -7.51153e-11 
4.152 -7.47625e-11 
4.1629 -7.44128e-11 
4.1738 -7.40659e-11 
4.1847 -7.3722e-11 
4.1956 -7.33809e-11 
4.2065 -7.30427e-11 
4.2174 -7.27072e-11 
4.2283 -7.23745e-11 
4.2392 -7.20445e-11 
4.2501 -7.17171e-11 
4.261 -7.13924e-11 
4.2719 -7.10703e-11 
4.2828 -7.07508e-11 
4.2937 -7.04338e-11 
4.3046 -7.01193e-11 
4.3155 -6.98073e-11 
4.3264 -6.94977e-11 
4.3373 -6.91905e-11 
4.3482 -6.88857e-11 
4.3591 -6.85832e-11 
4.37 -6.82831e-11 
4.3809 -6.79852e-11 
4.3918 -6.76896e-11 
4.4027 -6.73962e-11 
4.4136 -6.7105e-11 
4.4245 -6.6816e-11 
4.4354 -6.65292e-11 
4.4463 -6.62444e-11 
4.4572 -6.59618e-11 
4.4681 -6.56813e-11 
4.479 -6.54028e-11 
4.4899 -6.51263e-11 
4.5008 -6.48518e-11 
4.5117 -6.45793e-11 
4.5226 -6.43088e-11 
4.5335 -6.40402e-11 
4.5444 -6.37735e-11 
4.5553 -6.35087e-11 
4.5662 -6.32458e-11 
4.5771 -6.29847e-11 
4.588 -6.27254e-11 
4.5989 -6.24679e-11 
4.6098 -6.22123e-11 
4.6207 -6.19584e-11 
4.6316 -6.17062e-11 
4.6425 -6.14557e-11 
4.6534 -6.1207e-11 
4.6643 -6.096e-11 
4.6752 -6.07146e-11 
4.6861 -6.04709e-11 
4.697 -6.02288e-11 
4.7079 -5.99884e-11 
4.7188 -5.97495e-11 
4.7297 -5.95123e-11 
4.7406 -5.92766e-11 
4.7515 -5.90424e-11 
4.7624 -5.88098e-11 
4.7733 -5.85787e-11 
4.7842 -5.83492e-11 
4.7951 -5.81211e-11 
4.806 -5.78944e-11 
4.8169 -5.76693e-11 
4.8278 -5.74456e-11 
4.8387 -5.72233e-11 
4.8496 -5.70024e-11 
4.8605 -5.67829e-11 
4.8714 -5.65649e-11 
4.8823 -5.63482e-11 
4.8932 -5.61328e-11 
4.9041 -5.59188e-11 
4.915 -5.57062e-11 
4.9259 -5.54948e-11 
4.9368 -5.52848e-11 
4.9477 -5.50761e-11 
4.9586 -5.48686e-11 
4.9695 -5.46625e-11 
4.9804 -5.44576e-11 
4.9913 -5.42539e-11 
5.0022 -5.40515e-11 
5.0131 -5.38503e-11 
5.024 -5.36503e-11 
5.0349 -5.34515e-11 
5.0458 -5.32539e-11 
5.0567 -5.30575e-11 
5.0676 -5.28623e-11 
5.0785 -5.26682e-11 
5.0894 -5.24752e-11 
5.1003 -5.22834e-11 
5.1112 -5.20928e-11 
5.1221 -5.19032e-11 
5.133 -5.17148e-11 
5.1439 -5.15275e-11 
5.1548 -5.13412e-11 
5.1657 -5.1156e-11 
5.1766 -5.09719e-11 
5.1875 -5.07889e-11 
5.1984 -5.06069e-11 
5.2093 -5.0426e-11 
5.2202 -5.02461e-11 
5.2311 -5.00672e-11 
5.242 -4.98893e-11 
5.2529 -4.97124e-11 
5.2638 -4.95366e-11 
5.2747 -4.93617e-11 
5.2856 -4.91878e-11 
5.2965 -4.90149e-11 
5.3074 -4.88429e-11 
5.3183 -4.86719e-11 
5.3292 -4.85019e-11 
5.3401 -4.83328e-11 
5.351 -4.81646e-11 
5.3619 -4.79973e-11 
5.3728 -4.7831e-11 
5.3837 -4.76656e-11 
5.3946 -4.75011e-11 
5.4055 -4.73375e-11 
5.4164 -4.71747e-11 
5.4273 -4.70129e-11 
5.4382 -4.68519e-11 
5.4491 -4.66918e-11 
5.46 -4.65326e-11 
5.4709 -4.63742e-11 
5.4818 -4.62166e-11 
5.4927 -4.60599e-11 
5.5036 -4.59041e-11 
5.5145 -4.5749e-11 
5.5254 -4.55948e-11 
5.5363 -4.54414e-11 
5.5472 -4.52888e-11 
5.5581 -4.5137e-11 
5.569 -4.4986e-11 
5.5799 -4.48358e-11 
5.5908 -4.46864e-11 
5.6017 -4.45378e-11 
5.6126 -4.43899e-11 
5.6235 -4.42428e-11 
5.6344 -4.40964e-11 
5.6453 -4.39509e-11 
5.6562 -4.3806e-11 
5.6671 -4.36619e-11 
5.678 -4.35186e-11 
5.6889 -4.33759e-11 
5.6998 -4.3234e-11 
5.7107 -4.30929e-11 
5.7216 -4.29524e-11 
5.7325 -4.28126e-11 
5.7434 -4.26736e-11 
5.7543 -4.25353e-11 
5.7652 -4.23976e-11 
5.7761 -4.22607e-11 
5.787 -4.21244e-11 
5.7979 -4.19888e-11 
5.8088 -4.18539e-11 
5.8197 -4.17196e-11 
5.8306 -4.15861e-11 
5.8415 -4.14531e-11 
5.8524 -4.13209e-11 
5.8633 -4.11893e-11 
5.8742 -4.10583e-11 
5.8851 -4.0928e-11 
5.896 -4.07983e-11 
5.9069 -4.06693e-11 
5.9178 -4.05409e-11 
5.9287 -4.04131e-11 
5.9396 -4.02859e-11 
5.9505 -4.01594e-11 
5.9614 -4.00334e-11 
5.9723 -3.99081e-11 
5.9832 -3.97834e-11 
5.9941 -3.96592e-11 
6.005 -3.95357e-11 
6.0159 -3.94128e-11 
6.0268 -3.92904e-11 
6.0377 -3.91686e-11 
6.0486 -3.90475e-11 
6.0595 -3.89268e-11 
6.0704 -3.88068e-11 
6.0813 -3.86873e-11 
6.0922 -3.85684e-11 
6.1031 -3.84501e-11 
6.114 -3.83323e-11 
6.1249 -3.8215e-11 
6.1358 -3.80983e-11 
6.1467 -3.79822e-11 
6.1576 -3.78666e-11 
6.1685 -3.77515e-11 
6.1794 -3.7637e-11 
6.1903 -3.7523e-11 
6.2012 -3.74095e-11 
6.2121 -3.72966e-11 
6.223 -3.71842e-11 
6.2339 -3.70723e-11 
6.2448 -3.69609e-11 
6.2557 -3.685e-11 
6.2666 -3.67396e-11 
6.2775 -3.66297e-11 
6.2884 -3.65204e-11 
6.2993 -3.64115e-11 
6.3102 -3.63031e-11 
6.3211 -3.61953e-11 
6.332 -3.60879e-11 
6.3429 -3.5981e-11 
6.3538 -3.58745e-11 
6.3647 -3.57686e-11 
6.3756 -3.56631e-11 
6.3865 -3.55581e-11 
6.3974 -3.54536e-11 
6.4083 -3.53495e-11 
6.4192 -3.52459e-11 
6.4301 -3.51428e-11 
6.441 -3.50401e-11 
6.4519 -3.49379e-11 
6.4628 -3.48362e-11 
6.4737 -3.47348e-11 
6.4846 -3.4634e-11 
6.4955 -3.45336e-11 
6.5064 -3.44336e-11 
6.5173 -3.4334e-11 
6.5282 -3.42349e-11 
6.5391 -3.41363e-11 
6.55 -3.4038e-11 
6.5609 -3.39402e-11 
6.5718 -3.38429e-11 
6.5827 -3.37459e-11 
6.5936 -3.36494e-11 
6.6045 -3.35532e-11 
6.6154 -3.34575e-11 
6.6263 -3.33623e-11 
6.6372 -3.32674e-11 
6.6481 -3.31729e-11 
6.659 -3.30789e-11 
6.6699 -3.29852e-11 
6.6808 -3.28919e-11 
6.6917 -3.27991e-11 
6.7026 -3.27066e-11 
6.7135 -3.26146e-11 
6.7244 -3.25229e-11 
6.7353 -3.24316e-11 
6.7462 -3.23407e-11 
6.7571 -3.22502e-11 
6.768 -3.21601e-11 
6.7789 -3.20703e-11 
6.7898 -3.1981e-11 
6.8007 -3.1892e-11 
6.8116 -3.18034e-11 
6.8225 -3.17151e-11 
6.8334 -3.16272e-11 
6.8443 -3.15397e-11 
6.8552 -3.14526e-11 
6.8661 -3.13658e-11 
6.877 -3.12794e-11 
6.8879 -3.11933e-11 
6.8988 -3.11076e-11 
6.9097 -3.10223e-11 
6.9206 -3.09373e-11 
6.9315 -3.08527e-11 
6.9424 -3.07684e-11 
6.9533 -3.06844e-11 
6.9642 -3.06008e-11 
6.9751 -3.05176e-11 
6.986 -3.04347e-11 
6.9969 -3.03521e-11 
7.0078 -3.02699e-11 
7.0187 -3.0188e-11 
7.0296 -3.01064e-11 
7.0405 -3.00252e-11 
7.0514 -2.99443e-11 
7.0623 -2.98637e-11 
7.0732 -2.97834e-11 
7.0841 -2.97035e-11 
7.095 -2.96239e-11 
7.1059 -2.95446e-11 
7.1168 -2.94657e-11 
7.1277 -2.9387e-11 
7.1386 -2.93087e-11 
7.1495 -2.92307e-11 
7.1604 -2.9153e-11 
7.1713 -2.90756e-11 
7.1822 -2.89985e-11 
7.1931 -2.89218e-11 
7.204 -2.88453e-11 
7.2149 -2.87691e-11 
7.2258 -2.86933e-11 
7.2367 -2.86177e-11 
7.2476 -2.85424e-11 
7.2585 -2.84675e-11 
7.2694 -2.83928e-11 
7.2803 -2.83185e-11 
7.2912 -2.82444e-11 
7.3021 -2.81706e-11 
7.313 -2.80971e-11 
7.3239 -2.80239e-11 
7.3348 -2.7951e-11 
7.3457 -2.78783e-11 
7.3566 -2.7806e-11 
7.3675 -2.77339e-11 
7.3784 -2.76621e-11 
7.3893 -2.75906e-11 
7.4002 -2.75194e-11 
7.4111 -2.74484e-11 
7.422 -2.73777e-11 
7.4329 -2.73073e-11 
7.4438 -2.72372e-11 
7.4547 -2.71673e-11 
7.4656 -2.70977e-11 
7.4765 -2.70284e-11 
7.4874 -2.69593e-11 
7.4983 -2.68905e-11 
7.5092 -2.6822e-11 
7.5201 -2.67537e-11 
7.531 -2.66857e-11 
7.5419 -2.66179e-11 
7.5528 -2.65504e-11 
7.5637 -2.64832e-11 
7.5746 -2.64162e-11 
7.5855 -2.63495e-11 
7.5964 -2.6283e-11 
7.6073 -2.62168e-11 
7.6182 -2.61508e-11 
7.6291 -2.60851e-11 
7.64 -2.60196e-11 
7.6509 -2.59544e-11 
7.6618 -2.58894e-11 
7.6727 -2.58246e-11 
7.6836 -2.57601e-11 
7.6945 -2.56959e-11 
7.7054 -2.56319e-11 
7.7163 -2.55681e-11 
7.7272 -2.55045e-11 
7.7381 -2.54412e-11 
7.749 -2.53782e-11 
7.7599 -2.53153e-11 
7.7708 -2.52527e-11 
7.7817 -2.51904e-11 
7.7926 -2.51282e-11 
7.8035 -2.50663e-11 
7.8144 -2.50046e-11 
7.8253 -2.49432e-11 
7.8362 -2.4882e-11 
7.8471 -2.4821e-11 
7.858 -2.47602e-11 
7.8689 -2.46996e-11 
7.8798 -2.46393e-11 
7.8907 -2.45792e-11 
7.9016 -2.45193e-11 
7.9125 -2.44596e-11 
7.9234 -2.44001e-11 
7.9343 -2.43409e-11 
7.9452 -2.42819e-11 
7.9561 -2.42231e-11 
7.967 -2.41645e-11 
7.9779 -2.41061e-11 
7.9888 -2.40479e-11 
7.9997 -2.399e-11 
8.0106 -2.39322e-11 
8.0215 -2.38747e-11 
8.0324 -2.38173e-11 
8.0433 -2.37602e-11 
8.0542 -2.37033e-11 
8.0651 -2.36465e-11 
8.076 -2.359e-11 
8.0869 -2.35337e-11 
8.0978 -2.34776e-11 
8.1087 -2.34217e-11 
8.1196 -2.33659e-11 
8.1305 -2.33104e-11 
8.1414 -2.32551e-11 
8.1523 -2.32e-11 
8.1632 -2.3145e-11 
8.1741 -2.30903e-11 
8.185 -2.30358e-11 
8.1959 -2.29814e-11 
8.2068 -2.29273e-11 
8.2177 -2.28733e-11 
8.2286 -2.28195e-11 
8.2395 -2.27659e-11 
8.2504 -2.27125e-11 
8.2613 -2.26593e-11 
8.2722 -2.26063e-11 
8.2831 -2.25534e-11 
8.294 -2.25008e-11 
8.3049 -2.24483e-11 
8.3158 -2.2396e-11 
8.3267 -2.23439e-11 
8.3376 -2.2292e-11 
8.3485 -2.22403e-11 
8.3594 -2.21887e-11 
8.3703 -2.21373e-11 
8.3812 -2.20861e-11 
8.3921 -2.20351e-11 
8.403 -2.19842e-11 
8.4139 -2.19335e-11 
8.4248 -2.1883e-11 
8.4357 -2.18327e-11 
8.4466 -2.17825e-11 
8.4575 -2.17326e-11 
8.4684 -2.16827e-11 
8.4793 -2.16331e-11 
8.4902 -2.15836e-11 
8.5011 -2.15343e-11 
8.512 -2.14852e-11 
8.5229 -2.14362e-11 
8.5338 -2.13874e-11 
8.5447 -2.13388e-11 
8.5556 -2.12903e-11 
8.5665 -2.1242e-11 
8.5774 -2.11939e-11 
8.5883 -2.11459e-11 
8.5992 -2.10981e-11 
8.6101 -2.10504e-11 
8.621 -2.10029e-11 
8.6319 -2.09556e-11 
8.6428 -2.09084e-11 
8.6537 -2.08614e-11 
8.6646 -2.08145e-11 
8.6755 -2.07678e-11 
8.6864 -2.07213e-11 
8.6973 -2.06749e-11 
8.7082 -2.06287e-11 
8.7191 -2.05826e-11 
8.73 -2.05367e-11 
8.7409 -2.04909e-11 
8.7518 -2.04453e-11 
8.7627 -2.03998e-11 
8.7736 -2.03545e-11 
8.7845 -2.03093e-11 
8.7954 -2.02643e-11 
8.8063 -2.02195e-11 
8.8172 -2.01747e-11 
8.8281 -2.01302e-11 
8.839 -2.00857e-11 
8.8499 -2.00415e-11 
8.8608 -1.99973e-11 
8.8717 -1.99534e-11 
8.8826 -1.99095e-11 
8.8935 -1.98658e-11 
8.9044 -1.98223e-11 
8.9153 -1.97788e-11 
8.9262 -1.97356e-11 
8.9371 -1.96925e-11 
8.948 -1.96495e-11 
8.9589 -1.96066e-11 
8.9698 -1.95639e-11 
8.9807 -1.95213e-11 
8.9916 -1.94789e-11 
9.0025 -1.94366e-11 
9.0134 -1.93945e-11 
9.0243 -1.93524e-11 
9.0352 -1.93106e-11 
9.0461 -1.92688e-11 
9.057 -1.92272e-11 
9.0679 -1.91857e-11 
9.0788 -1.91444e-11 
9.0897 -1.91032e-11 
9.1006 -1.90621e-11 
9.1115 -1.90211e-11 
9.1224 -1.89803e-11 
9.1333 -1.89396e-11 
9.1442 -1.88991e-11 
9.1551 -1.88587e-11 
9.166 -1.88184e-11 
9.1769 -1.87782e-11 
9.1878 -1.87382e-11 
9.1987 -1.86982e-11 
9.2096 -1.86585e-11 
9.2205 -1.86188e-11 
9.2314 -1.85793e-11 
9.2423 -1.85399e-11 
9.2532 -1.85006e-11 
9.2641 -1.84614e-11 
9.275 -1.84224e-11 
9.2859 -1.83835e-11 
9.2968 -1.83447e-11 
9.3077 -1.8306e-11 
9.3186 -1.82675e-11 
9.3295 -1.82291e-11 
9.3404 -1.81908e-11 
9.3513 -1.81526e-11 
9.3622 -1.81145e-11 
9.3731 -1.80766e-11 
9.384 -1.80387e-11 
9.3949 -1.8001e-11 
9.4058 -1.79635e-11 
9.4167 -1.7926e-11 
9.4276 -1.78886e-11 
9.4385 -1.78514e-11 
9.4494 -1.78143e-11 
9.4603 -1.77773e-11 
9.4712 -1.77404e-11 
9.4821 -1.77036e-11 
9.493 -1.76669e-11 
9.5039 -1.76304e-11 
9.5148 -1.75939e-11 
9.5257 -1.75576e-11 
9.5366 -1.75214e-11 
9.5475 -1.74853e-11 
9.5584 -1.74493e-11 
9.5693 -1.74134e-11 
9.5802 -1.73777e-11 
9.5911 -1.7342e-11 
9.602 -1.73064e-11 
9.6129 -1.7271e-11 
9.6238 -1.72357e-11 
9.6347 -1.72004e-11 
9.6456 -1.71653e-11 
9.6565 -1.71303e-11 
9.6674 -1.70954e-11 
9.6783 -1.70606e-11 
9.6892 -1.70259e-11 
9.7001 -1.69913e-11 
9.711 -1.69568e-11 
9.7219 -1.69225e-11 
9.7328 -1.68882e-11 
9.7437 -1.6854e-11 
9.7546 -1.682e-11 
9.7655 -1.6786e-11 
9.7764 -1.67521e-11 
9.7873 -1.67184e-11 
9.7982 -1.66847e-11 
9.8091 -1.66512e-11 
9.82 -1.66177e-11 
9.8309 -1.65843e-11 
9.8418 -1.65511e-11 
9.8527 -1.65179e-11 
9.8636 -1.64849e-11 
9.8745 -1.64519e-11 
9.8854 -1.64191e-11 
9.8963 -1.63863e-11 
9.9072 -1.63536e-11 
9.9181 -1.63211e-11 
9.929 -1.62886e-11 
9.9399 -1.62562e-11 
9.9508 -1.62239e-11 
9.9617 -1.61918e-11 
9.9726 -1.61597e-11 
9.9835 -1.61277e-11 
9.9944 -1.60958e-11 
10.0053 -1.6064e-11 
10.0162 -1.60323e-11 
10.0271 -1.60007e-11 
10.038 -1.59691e-11 
10.0489 -1.59377e-11 
10.0598 -1.59064e-11 
10.0707 -1.58751e-11 
10.0816 -1.5844e-11 
10.0925 -1.58129e-11 
10.1034 -1.57819e-11 
10.1143 -1.57511e-11 
10.1252 -1.57203e-11 
10.1361 -1.56896e-11 
10.147 -1.5659e-11 
10.1579 -1.56284e-11 
10.1688 -1.5598e-11 
10.1797 -1.55677e-11 
10.1906 -1.55374e-11 
10.2015 -1.55072e-11 
10.2124 -1.54772e-11 
10.2233 -1.54472e-11 
10.2342 -1.54173e-11 
10.2451 -1.53874e-11 
10.256 -1.53577e-11 
10.2669 -1.5328e-11 
10.2778 -1.52985e-11 
10.2887 -1.5269e-11 
10.2996 -1.52396e-11 
10.3105 -1.52103e-11 
10.3214 -1.51811e-11 
10.3323 -1.51519e-11 
10.3432 -1.51229e-11 
10.3541 -1.50939e-11 
10.365 -1.5065e-11 
10.3759 -1.50362e-11 
10.3868 -1.50075e-11 
10.3977 -1.49788e-11 
10.4086 -1.49503e-11 
10.4195 -1.49218e-11 
10.4304 -1.48934e-11 
10.4413 -1.48651e-11 
10.4522 -1.48368e-11 
10.4631 -1.48087e-11 
10.474 -1.47806e-11 
10.4849 -1.47526e-11 
10.4958 -1.47247e-11 
10.5067 -1.46968e-11 
10.5176 -1.46691e-11 
10.5285 -1.46414e-11 
10.5394 -1.46138e-11 
10.5503 -1.45863e-11 
10.5612 -1.45588e-11 
10.5721 -1.45314e-11 
10.583 -1.45041e-11 
10.5939 -1.44769e-11 
10.6048 -1.44498e-11 
10.6157 -1.44227e-11 
10.6266 -1.43957e-11 
10.6375 -1.43688e-11 
10.6484 -1.4342e-11 
10.6593 -1.43152e-11 
10.6702 -1.42885e-11 
10.6811 -1.42619e-11 
10.692 -1.42353e-11 
10.7029 -1.42089e-11 
10.7138 -1.41825e-11 
10.7247 -1.41561e-11 
10.7356 -1.41299e-11 
10.7465 -1.41037e-11 
10.7574 -1.40776e-11 
10.7683 -1.40516e-11 
10.7792 -1.40256e-11 
10.7901 -1.39997e-11 
10.801 -1.39739e-11 
10.8119 -1.39482e-11 
10.8228 -1.39225e-11 
10.8337 -1.38969e-11 
10.8446 -1.38713e-11 
10.8555 -1.38459e-11 
10.8664 -1.38205e-11 
10.8773 -1.37952e-11 
10.8882 -1.37699e-11 
10.8991 -1.37447e-11 
10.91 -1.37196e-11 
10.9209 -1.36945e-11 
10.9318 -1.36696e-11 
10.9427 -1.36447e-11 
10.9536 -1.36198e-11 
10.9645 -1.3595e-11 
10.9754 -1.35703e-11 
10.9863 -1.35457e-11 
10.9972 -1.35211e-11 
11.0081 -1.34966e-11 
11.019 -1.34721e-11 
11.0299 -1.34478e-11 
11.0408 -1.34235e-11 
11.0517 -1.33992e-11 
11.0626 -1.3375e-11 
11.0735 -1.33509e-11 
11.0844 -1.33269e-11 
11.0953 -1.33029e-11 
11.1062 -1.3279e-11 
11.1171 -1.32551e-11 
11.128 -1.32313e-11 
11.1389 -1.32076e-11 
11.1498 -1.31839e-11 
11.1607 -1.31603e-11 
11.1716 -1.31368e-11 
11.1825 -1.31133e-11 
11.1934 -1.30899e-11 
11.2043 -1.30665e-11 
11.2152 -1.30432e-11 
11.2261 -1.302e-11 
11.237 -1.29969e-11 
11.2479 -1.29738e-11 
11.2588 -1.29507e-11 
11.2697 -1.29277e-11 
11.2806 -1.29048e-11 
11.2915 -1.2882e-11 
11.3024 -1.28592e-11 
11.3133 -1.28364e-11 
11.3242 -1.28137e-11 
11.3351 -1.27911e-11 
11.346 -1.27686e-11 
11.3569 -1.27461e-11 
11.3678 -1.27236e-11 
11.3787 -1.27012e-11 
11.3896 -1.26789e-11 
11.4005 -1.26567e-11 
11.4114 -1.26345e-11 
11.4223 -1.26123e-11 
11.4332 -1.25902e-11 
11.4441 -1.25682e-11 
11.455 -1.25462e-11 
11.4659 -1.25243e-11 
11.4768 -1.25024e-11 
11.4877 -1.24806e-11 
11.4986 -1.24589e-11 
11.5095 -1.24372e-11 
11.5204 -1.24156e-11 
11.5313 -1.2394e-11 
11.5422 -1.23725e-11 
11.5531 -1.2351e-11 
11.564 -1.23296e-11 
11.5749 -1.23083e-11 
11.5858 -1.2287e-11 
11.5967 -1.22657e-11 
11.6076 -1.22445e-11 
11.6185 -1.22234e-11 
11.6294 -1.22023e-11 
11.6403 -1.21813e-11 
11.6512 -1.21603e-11 
11.6621 -1.21394e-11 
11.673 -1.21185e-11 
11.6839 -1.20977e-11 
11.6948 -1.2077e-11 
11.7057 -1.20563e-11 
11.7166 -1.20356e-11 
11.7275 -1.2015e-11 
11.7384 -1.19945e-11 
11.7493 -1.1974e-11 
11.7602 -1.19536e-11 
11.7711 -1.19332e-11 
11.782 -1.19128e-11 
11.7929 -1.18926e-11 
11.8038 -1.18723e-11 
11.8147 -1.18522e-11 
11.8256 -1.1832e-11 
11.8365 -1.1812e-11 
11.8474 -1.17919e-11 
11.8583 -1.1772e-11 
11.8692 -1.1752e-11 
11.8801 -1.17322e-11 
11.891 -1.17123e-11 
11.9019 -1.16926e-11 
11.9128 -1.16728e-11 
11.9237 -1.16532e-11 
11.9346 -1.16335e-11 
11.9455 -1.1614e-11 
11.9564 -1.15944e-11 
11.9673 -1.1575e-11 
11.9782 -1.15555e-11 
11.9891 -1.15361e-11 
