0.01 -1.52113e-05 
0.0209 -1.41987e-05 
0.0318 -1.32805e-05 
0.0427 -1.24461e-05 
0.0536 -1.16861e-05 
0.0645 -1.09931e-05 
0.0754 -1.03616e-05 
0.0863 -9.78876e-06 
0.0972 -9.27713e-06 
0.1081 -8.83435e-06 
0.119 -8.45599e-06 
0.1299 -8.12244e-06 
0.1408 -7.81772e-06 
0.1517 -7.53295e-06 
0.1626 -7.26348e-06 
0.1735 -7.00692e-06 
0.1844 -6.7619e-06 
0.1953 -6.5276e-06 
0.2062 -6.30345e-06 
0.2171 -6.089e-06 
0.228 -5.88384e-06 
0.2389 -5.68762e-06 
0.2498 -5.49994e-06 
0.2607 -5.32045e-06 
0.2716 -5.14877e-06 
0.2825 -4.98457e-06 
0.2934 -4.82745e-06 
0.3043 -4.67713e-06 
0.3152 -4.53322e-06 
0.3261 -4.39545e-06 
0.337 -4.26349e-06 
0.3479 -4.13705e-06 
0.3588 -4.01586e-06 
0.3697 -3.89964e-06 
0.3806 -3.78815e-06 
0.3915 -3.68115e-06 
0.4024 -3.57842e-06 
0.4133 -3.47973e-06 
0.4242 -3.38488e-06 
0.4351 -3.2937e-06 
0.446 -3.20599e-06 
0.4569 -3.12158e-06 
0.4678 -3.04032e-06 
0.4787 -2.96205e-06 
0.4896 -2.88663e-06 
0.5005 -2.81393e-06 
0.5114 -2.74381e-06 
0.5223 -2.67616e-06 
0.5332 -2.61086e-06 
0.5441 -2.54781e-06 
0.555 -2.4869e-06 
0.5659 -2.42804e-06 
0.5768 -2.37113e-06 
0.5877 -2.31609e-06 
0.5986 -2.26285e-06 
0.6095 -2.21131e-06 
0.6204 -2.16142e-06 
0.6313 -2.11309e-06 
0.6422 -2.06626e-06 
0.6531 -2.02088e-06 
0.664 -1.97688e-06 
0.6749 -1.93421e-06 
0.6858 -1.89281e-06 
0.6967 -1.85263e-06 
0.7076 -1.81362e-06 
0.7185 -1.77575e-06 
0.7294 -1.73896e-06 
0.7403 -1.70321e-06 
0.7512 -1.66846e-06 
0.7621 -1.63469e-06 
0.773 -1.60184e-06 
0.7839 -1.56989e-06 
0.7948 -1.5388e-06 
0.8057 -1.50855e-06 
0.8166 -1.4791e-06 
0.8275 -1.45042e-06 
0.8384 -1.42249e-06 
0.8493 -1.39528e-06 
0.8602 -1.36877e-06 
0.8711 -1.34293e-06 
0.882 -1.31775e-06 
0.8929 -1.29319e-06 
0.9038 -1.26924e-06 
0.9147 -1.24588e-06 
0.9256 -1.22308e-06 
0.9365 -1.20084e-06 
0.9474 -1.17913e-06 
0.9583 -1.15794e-06 
0.9692 -1.13725e-06 
0.9801 -1.11704e-06 
0.991 -1.09731e-06 
1.0019 -1.07803e-06 
1.0128 -1.05919e-06 
1.0237 -1.04078e-06 
1.0346 -1.02279e-06 
1.0455 -1.00521e-06 
1.0564 -9.88016e-07 
1.0673 -9.71205e-07 
1.0782 -9.54766e-07 
1.0891 -9.38686e-07 
1.1 -9.22956e-07 
1.1109 -9.07568e-07 
1.1218 -8.92511e-07 
1.1327 -8.77777e-07 
1.1436 -8.63356e-07 
1.1545 -8.4924e-07 
1.1654 -8.35422e-07 
1.1763 -8.21892e-07 
1.1872 -8.08645e-07 
1.1981 -7.95672e-07 
1.209 -7.82967e-07 
1.2199 -7.70522e-07 
1.2308 -7.5833e-07 
1.2417 -7.46387e-07 
1.2526 -7.34684e-07 
1.2635 -7.23217e-07 
1.2744 -7.11978e-07 
1.2853 -7.00962e-07 
1.2962 -6.90164e-07 
1.3071 -6.79578e-07 
1.318 -6.69197e-07 
1.3289 -6.59018e-07 
1.3398 -6.49034e-07 
1.3507 -6.39239e-07 
1.3616 -6.29628e-07 
1.3725 -6.20195e-07 
1.3834 -6.10934e-07 
1.3943 -6.01837e-07 
1.4052 -5.92897e-07 
1.4161 -5.84109e-07 
1.427 -5.75486e-07 
1.4379 -5.6705e-07 
1.4488 -5.58817e-07 
1.4597 -5.50788e-07 
1.4706 -5.42963e-07 
1.4815 -5.35336e-07 
1.4924 -5.27904e-07 
1.5033 -5.2066e-07 
1.5142 -5.136e-07 
1.5251 -5.06718e-07 
1.536 -5.00009e-07 
1.5469 -4.93467e-07 
1.5578 -4.87088e-07 
1.5687 -4.80867e-07 
1.5796 -4.74798e-07 
1.5905 -4.68877e-07 
1.6014 -4.631e-07 
1.6123 -4.57461e-07 
1.6232 -4.51955e-07 
1.6341 -4.46579e-07 
1.645 -4.41329e-07 
1.6559 -4.36198e-07 
1.6668 -4.31184e-07 
1.6777 -4.26281e-07 
1.6886 -4.21485e-07 
1.6995 -4.16792e-07 
1.7104 -4.12196e-07 
1.7213 -4.07694e-07 
1.7322 -4.03279e-07 
1.7431 -3.98948e-07 
1.754 -3.94695e-07 
1.7649 -3.90514e-07 
1.7758 -3.864e-07 
1.7867 -3.82347e-07 
1.7976 -3.78349e-07 
1.8085 -3.74399e-07 
1.8194 -3.7049e-07 
1.8303 -3.66614e-07 
1.8412 -3.62763e-07 
1.8521 -3.58929e-07 
1.863 -3.55102e-07 
1.8739 -3.51271e-07 
1.8848 -3.47427e-07 
1.8957 -3.43557e-07 
1.9066 -3.39649e-07 
1.9175 -3.35689e-07 
1.9284 -3.31662e-07 
1.9393 -3.27551e-07 
1.9502 -3.23342e-07 
1.9611 -3.19015e-07 
1.972 -3.1455e-07 
1.9829 -3.09927e-07 
1.9938 -3.05126e-07 
2.0047 -3.00123e-07 
2.0156 -2.94895e-07 
2.0265 -2.8942e-07 
2.0374 -2.83672e-07 
2.0483 -2.77629e-07 
2.0592 -2.71267e-07 
2.0701 -2.64567e-07 
2.081 -2.57509e-07 
2.0919 -2.50076e-07 
2.1028 -2.42257e-07 
2.1137 -2.34044e-07 
2.1246 -2.25435e-07 
2.1355 -2.16435e-07 
2.1464 -2.07054e-07 
2.1573 -1.97312e-07 
2.1682 -1.87235e-07 
2.1791 -1.76856e-07 
2.19 -1.66217e-07 
2.2009 -1.55361e-07 
2.2118 -1.4434e-07 
2.2227 -1.33205e-07 
2.2336 -1.22006e-07 
2.2445 -1.10792e-07 
2.2554 -9.96042e-08 
2.2663 -8.84759e-08 
2.2772 -7.74286e-08 
2.2881 -6.64735e-08 
2.299 -5.56272e-08 
2.3099 -4.49833e-08 
2.3208 -3.50562e-08 
2.3317 -2.76936e-08 
2.3426 -2.43367e-08 
2.3535 -2.31158e-08 
2.3644 -2.25503e-08 
2.3753 -2.21689e-08 
2.3862 -2.18311e-08 
2.3971 -2.14929e-08 
2.408 -2.11414e-08 
2.4189 -2.07743e-08 
2.4298 -2.03933e-08 
2.4407 -2.00011e-08 
2.4516 -1.96006e-08 
2.4625 -1.91944e-08 
2.4734 -1.8785e-08 
2.4843 -1.83742e-08 
2.4952 -1.79638e-08 
2.5061 -1.75552e-08 
2.517 -1.71494e-08 
2.5279 -1.67476e-08 
2.5388 -1.63503e-08 
2.5497 -1.59584e-08 
2.5606 -1.55721e-08 
2.5715 -1.51921e-08 
2.5824 -1.48186e-08 
2.5933 -1.44518e-08 
2.6042 -1.40919e-08 
2.6151 -1.37391e-08 
2.626 -1.33934e-08 
2.6369 -1.30548e-08 
2.6478 -1.27235e-08 
2.6587 -1.23994e-08 
2.6696 -1.20824e-08 
2.6805 -1.17725e-08 
2.6914 -1.14697e-08 
2.7023 -1.11738e-08 
2.7132 -1.08849e-08 
2.7241 -1.06027e-08 
2.735 -1.03273e-08 
2.7459 -1.00584e-08 
2.7568 -9.79602e-09 
2.7677 -9.54003e-09 
2.7786 -9.29028e-09 
2.7895 -9.04669e-09 
2.8004 -8.80908e-09 
2.8113 -8.57739e-09 
2.8222 -8.35145e-09 
2.8331 -8.13122e-09 
2.844 -7.91648e-09 
2.8549 -7.70717e-09 
2.8658 -7.50313e-09 
2.8767 -7.30432e-09 
2.8876 -7.11055e-09 
2.8985 -6.92179e-09 
2.9094 -6.73783e-09 
2.9203 -6.55862e-09 
2.9312 -6.38401e-09 
2.9421 -6.21397e-09 
2.953 -6.04831e-09 
2.9639 -5.88697e-09 
2.9748 -5.72988e-09 
2.9857 -5.5769e-09 
2.9966 -5.42794e-09 
3.0075 -5.28291e-09 
3.0184 -5.14175e-09 
3.0293 -5.00432e-09 
3.0402 -4.8706e-09 
3.0511 -4.74045e-09 
3.062 -4.61382e-09 
3.0729 -4.49061e-09 
3.0838 -4.37077e-09 
3.0947 -4.25422e-09 
3.1056 -4.14088e-09 
3.1165 -4.0307e-09 
3.1274 -3.92361e-09 
3.1383 -3.81955e-09 
3.1492 -3.71846e-09 
3.1601 -3.62029e-09 
3.171 -3.52499e-09 
3.1819 -3.43256e-09 
3.1928 -3.34291e-09 
3.2037 -3.25607e-09 
3.2146 -3.17202e-09 
3.2255 -3.09079e-09 
3.2364 -3.01238e-09 
3.2473 -2.93671e-09 
3.2582 -2.86343e-09 
3.2691 -2.7922e-09 
3.28 -2.72281e-09 
3.2909 -2.65516e-09 
3.3018 -2.58916e-09 
3.3127 -2.52476e-09 
3.3236 -2.46188e-09 
3.3345 -2.40051e-09 
3.3454 -2.34058e-09 
3.3563 -2.28207e-09 
3.3672 -2.22494e-09 
3.3781 -2.16913e-09 
3.389 -2.11464e-09 
3.3999 -2.06143e-09 
3.4108 -2.00946e-09 
3.4217 -1.95868e-09 
3.4326 -1.9091e-09 
3.4435 -1.86068e-09 
3.4544 -1.81339e-09 
3.4653 -1.76719e-09 
3.4762 -1.72207e-09 
3.4871 -1.67799e-09 
3.498 -1.63495e-09 
3.5089 -1.5929e-09 
3.5198 -1.55183e-09 
3.5307 -1.51171e-09 
3.5416 -1.47253e-09 
3.5525 -1.43426e-09 
3.5634 -1.39687e-09 
3.5743 -1.36036e-09 
3.5852 -1.32469e-09 
3.5961 -1.28986e-09 
3.607 -1.25583e-09 
3.6179 -1.2226e-09 
3.6288 -1.19014e-09 
3.6397 -1.15844e-09 
3.6506 -1.12748e-09 
3.6615 -1.09724e-09 
3.6724 -1.06771e-09 
3.6833 -1.03886e-09 
3.6942 -1.0107e-09 
3.7051 -9.8319e-10 
3.716 -9.5632e-10 
3.7269 -9.30088e-10 
3.7378 -9.0447e-10 
3.7487 -8.79457e-10 
3.7596 -8.55025e-10 
3.7705 -8.31175e-10 
3.7814 -8.07883e-10 
3.7923 -7.85141e-10 
3.8032 -7.62943e-10 
3.8141 -7.41268e-10 
3.825 -7.20106e-10 
3.8359 -6.99448e-10 
3.8468 -6.79281e-10 
3.8577 -6.59596e-10 
3.8686 -6.4038e-10 
3.8795 -6.21626e-10 
3.8904 -6.03319e-10 
3.9013 -5.85451e-10 
3.9122 -5.68014e-10 
3.9231 -5.51003e-10 
3.934 -5.34399e-10 
3.9449 -5.18201e-10 
3.9558 -5.02392e-10 
3.9667 -4.8697e-10 
3.9776 -4.71924e-10 
3.9885 -4.57249e-10 
3.9994 -4.42931e-10 
4.0103 -4.28971e-10 
4.0212 -4.15354e-10 
4.0321 -4.02072e-10 
4.043 -3.89123e-10 
4.0539 -3.76498e-10 
4.0648 -3.64189e-10 
4.0757 -3.52188e-10 
4.0866 -3.40492e-10 
4.0975 -3.29092e-10 
4.1084 -3.17983e-10 
4.1193 -3.07156e-10 
4.1302 -2.96609e-10 
4.1411 -2.86334e-10 
4.152 -2.76325e-10 
4.1629 -2.66575e-10 
4.1738 -2.57082e-10 
4.1847 -2.47839e-10 
4.1956 -2.3884e-10 
4.2065 -2.30082e-10 
4.2174 -2.21558e-10 
4.2283 -2.13263e-10 
4.2392 -2.05193e-10 
4.2501 -1.97342e-10 
4.261 -1.89709e-10 
4.2719 -1.82286e-10 
4.2828 -1.75071e-10 
4.2937 -1.68059e-10 
4.3046 -1.61245e-10 
4.3155 -1.54626e-10 
4.3264 -1.48198e-10 
4.3373 -1.41957e-10 
4.3482 -1.359e-10 
4.3591 -1.30021e-10 
4.37 -1.2432e-10 
4.3809 -1.18791e-10 
4.3918 -1.13432e-10 
4.4027 -1.08239e-10 
4.4136 -1.0321e-10 
4.4245 -9.834e-11 
4.4354 -9.36287e-11 
4.4463 -8.90708e-11 
4.4572 -8.46644e-11 
4.4681 -8.04076e-11 
4.479 -7.62974e-11 
4.4899 -7.2331e-11 
4.5008 -6.85065e-11 
4.5117 -6.48207e-11 
4.5226 -6.12728e-11 
4.5335 -5.78604e-11 
4.5444 -5.45809e-11 
4.5553 -5.14333e-11 
4.5662 -4.84153e-11 
4.5771 -4.5526e-11 
4.588 -4.27634e-11 
4.5989 -4.01269e-11 
4.6098 -3.76154e-11 
4.6207 -3.52279e-11 
4.6316 -3.29639e-11 
4.6425 -3.08232e-11 
4.6534 -2.88061e-11 
4.6643 -2.69128e-11 
4.6752 -2.51447e-11 
4.6861 -2.35032e-11 
4.697 -2.1991e-11 
4.7079 -2.06117e-11 
4.7188 -1.93708e-11 
4.7297 -1.82758e-11 
4.7406 -1.73372e-11 
4.7515 -1.65684e-11 
4.7624 -1.59741e-11 
4.7733 -1.55195e-11 
4.7842 -1.51475e-11 
4.7951 -1.4823e-11 
4.806 -1.45293e-11 
4.8169 -1.42575e-11 
4.8278 -1.40026e-11 
4.8387 -1.37612e-11 
4.8496 -1.35312e-11 
4.8605 -1.3311e-11 
4.8714 -1.30992e-11 
4.8823 -1.2895e-11 
4.8932 -1.26977e-11 
4.9041 -1.25066e-11 
4.915 -1.23213e-11 
4.9259 -1.21412e-11 
4.9368 -1.19661e-11 
4.9477 -1.17956e-11 
4.9586 -1.16294e-11 
4.9695 -1.14673e-11 
4.9804 -1.13092e-11 
4.9913 -1.11547e-11 
5.0022 -1.10038e-11 
5.0131 -1.08562e-11 
5.024 -1.07118e-11 
5.0349 -1.05705e-11 
5.0458 -1.04321e-11 
5.0567 -1.02966e-11 
5.0676 -1.01639e-11 
5.0785 -1.00338e-11 
5.0894 -9.90629e-12 
5.1003 -9.78121e-12 
5.1112 -9.65853e-12 
5.1221 -9.53817e-12 
5.133 -9.42011e-12 
5.1439 -9.30417e-12 
5.1548 -9.19039e-12 
5.1657 -9.07866e-12 
5.1766 -8.96891e-12 
5.1875 -8.86105e-12 
5.1984 -8.75517e-12 
5.2093 -8.65108e-12 
5.2202 -8.54882e-12 
5.2311 -8.4483e-12 
5.242 -8.34947e-12 
5.2529 -8.25231e-12 
5.2638 -8.15681e-12 
5.2747 -8.06286e-12 
5.2856 -7.97046e-12 
5.2965 -7.87953e-12 
5.3074 -7.79015e-12 
5.3183 -7.70219e-12 
5.3292 -7.61561e-12 
5.3401 -7.53042e-12 
5.351 -7.44663e-12 
5.3619 -7.36409e-12 
5.3728 -7.28289e-12 
5.3837 -7.20292e-12 
5.3946 -7.12417e-12 
5.4055 -7.04669e-12 
5.4164 -6.97036e-12 
5.4273 -6.89518e-12 
5.4382 -6.82119e-12 
5.4491 -6.74828e-12 
5.46 -6.67647e-12 
5.4709 -6.60569e-12 
5.4818 -6.53601e-12 
5.4927 -6.46734e-12 
5.5036 -6.39971e-12 
5.5145 -6.33305e-12 
5.5254 -6.26736e-12 
5.5363 -6.2026e-12 
5.5472 -6.13879e-12 
5.5581 -6.07593e-12 
5.569 -6.01393e-12 
5.5799 -5.95284e-12 
5.5908 -5.8926e-12 
5.6017 -5.8332e-12 
5.6126 -5.77468e-12 
5.6235 -5.71694e-12 
5.6344 -5.66003e-12 
5.6453 -5.60391e-12 
5.6562 -5.54855e-12 
5.6671 -5.49398e-12 
5.678 -5.44014e-12 
5.6889 -5.38703e-12 
5.6998 -5.33467e-12 
5.7107 -5.28302e-12 
5.7216 -5.23204e-12 
5.7325 -5.18177e-12 
5.7434 -5.13218e-12 
5.7543 -5.08324e-12 
5.7652 -5.03497e-12 
5.7761 -4.98734e-12 
5.787 -4.94032e-12 
5.7979 -4.89395e-12 
5.8088 -4.84817e-12 
5.8197 -4.803e-12 
5.8306 -4.75843e-12 
5.8415 -4.7144e-12 
5.8524 -4.67099e-12 
5.8633 -4.62813e-12 
5.8742 -4.5858e-12 
5.8851 -4.54402e-12 
5.896 -4.50279e-12 
5.9069 -4.46208e-12 
5.9178 -4.42189e-12 
5.9287 -4.38221e-12 
5.9396 -4.34302e-12 
5.9505 -4.30434e-12 
5.9614 -4.26614e-12 
5.9723 -4.22844e-12 
5.9832 -4.19118e-12 
5.9941 -4.15439e-12 
6.005 -4.11807e-12 
6.0159 -4.08219e-12 
6.0268 -4.04675e-12 
6.0377 -4.01175e-12 
6.0486 -3.97717e-12 
6.0595 -3.94302e-12 
6.0704 -3.90929e-12 
6.0813 -3.87596e-12 
6.0922 -3.84306e-12 
6.1031 -3.81053e-12 
6.114 -3.77839e-12 
6.1249 -3.74665e-12 
6.1358 -3.71528e-12 
6.1467 -3.68429e-12 
6.1576 -3.65367e-12 
6.1685 -3.62341e-12 
6.1794 -3.5935e-12 
6.1903 -3.56396e-12 
6.2012 -3.53476e-12 
6.2121 -3.5059e-12 
6.223 -3.47738e-12 
6.2339 -3.44919e-12 
6.2448 -3.42134e-12 
6.2557 -3.3938e-12 
6.2666 -3.36657e-12 
6.2775 -3.33967e-12 
6.2884 -3.31307e-12 
6.2993 -3.28677e-12 
6.3102 -3.26078e-12 
6.3211 -3.23509e-12 
6.332 -3.20969e-12 
6.3429 -3.18457e-12 
6.3538 -3.15974e-12 
6.3647 -3.13519e-12 
6.3756 -3.11091e-12 
6.3865 -3.08691e-12 
6.3974 -3.06317e-12 
6.4083 -3.0397e-12 
6.4192 -3.01649e-12 
6.4301 -2.99354e-12 
6.441 -2.97084e-12 
6.4519 -2.94839e-12 
6.4628 -2.92619e-12 
6.4737 -2.90423e-12 
6.4846 -2.88252e-12 
6.4955 -2.86104e-12 
6.5064 -2.83979e-12 
6.5173 -2.81877e-12 
6.5282 -2.79798e-12 
6.5391 -2.77742e-12 
6.55 -2.75708e-12 
6.5609 -2.73695e-12 
6.5718 -2.71704e-12 
6.5827 -2.69734e-12 
6.5936 -2.67786e-12 
6.6045 -2.65858e-12 
6.6154 -2.6395e-12 
6.6263 -2.62063e-12 
6.6372 -2.60195e-12 
6.6481 -2.58347e-12 
6.659 -2.56519e-12 
6.6699 -2.5471e-12 
6.6808 -2.52919e-12 
6.6917 -2.51147e-12 
6.7026 -2.49394e-12 
6.7135 -2.47658e-12 
6.7244 -2.45941e-12 
6.7353 -2.44241e-12 
6.7462 -2.42559e-12 
6.7571 -2.40894e-12 
6.768 -2.39246e-12 
6.7789 -2.37614e-12 
6.7898 -2.36e-12 
6.8007 -2.34401e-12 
6.8116 -2.32819e-12 
6.8225 -2.31253e-12 
6.8334 -2.29702e-12 
6.8443 -2.28168e-12 
6.8552 -2.26648e-12 
6.8661 -2.25144e-12 
6.877 -2.23654e-12 
6.8879 -2.2218e-12 
6.8988 -2.2072e-12 
6.9097 -2.19274e-12 
6.9206 -2.17843e-12 
6.9315 -2.16426e-12 
6.9424 -2.15022e-12 
6.9533 -2.13633e-12 
6.9642 -2.12257e-12 
6.9751 -2.10894e-12 
6.986 -2.09545e-12 
6.9969 -2.08208e-12 
7.0078 -2.06885e-12 
7.0187 -2.05575e-12 
7.0296 -2.04276e-12 
7.0405 -2.02991e-12 
7.0514 -2.01718e-12 
7.0623 -2.00456e-12 
7.0732 -1.99207e-12 
7.0841 -1.9797e-12 
7.095 -1.96744e-12 
7.1059 -1.95531e-12 
7.1168 -1.94328e-12 
7.1277 -1.93137e-12 
7.1386 -1.91957e-12 
7.1495 -1.90788e-12 
7.1604 -1.89629e-12 
7.1713 -1.88482e-12 
7.1822 -1.87346e-12 
7.1931 -1.86219e-12 
7.204 -1.85104e-12 
7.2149 -1.83998e-12 
7.2258 -1.82903e-12 
7.2367 -1.81818e-12 
7.2476 -1.80742e-12 
7.2585 -1.79677e-12 
7.2694 -1.78621e-12 
7.2803 -1.77575e-12 
7.2912 -1.76538e-12 
7.3021 -1.75511e-12 
7.313 -1.74493e-12 
7.3239 -1.73484e-12 
7.3348 -1.72484e-12 
7.3457 -1.71493e-12 
7.3566 -1.70511e-12 
7.3675 -1.69538e-12 
7.3784 -1.68573e-12 
7.3893 -1.67617e-12 
7.4002 -1.66669e-12 
7.4111 -1.6573e-12 
7.422 -1.64799e-12 
7.4329 -1.63876e-12 
7.4438 -1.62961e-12 
7.4547 -1.62054e-12 
7.4656 -1.61155e-12 
7.4765 -1.60265e-12 
7.4874 -1.59381e-12 
7.4983 -1.58505e-12 
7.5092 -1.57637e-12 
7.5201 -1.56777e-12 
7.531 -1.55924e-12 
7.5419 -1.55078e-12 
7.5528 -1.54239e-12 
7.5637 -1.53407e-12 
7.5746 -1.52583e-12 
7.5855 -1.51765e-12 
7.5964 -1.50955e-12 
7.6073 -1.50151e-12 
7.6182 -1.49354e-12 
7.6291 -1.48564e-12 
7.64 -1.4778e-12 
7.6509 -1.47003e-12 
7.6618 -1.46233e-12 
7.6727 -1.45469e-12 
7.6836 -1.44711e-12 
7.6945 -1.43959e-12 
7.7054 -1.43214e-12 
7.7163 -1.42475e-12 
7.7272 -1.41742e-12 
7.7381 -1.41015e-12 
7.749 -1.40294e-12 
7.7599 -1.39579e-12 
7.7708 -1.38869e-12 
7.7817 -1.38166e-12 
7.7926 -1.37468e-12 
7.8035 -1.36776e-12 
7.8144 -1.36089e-12 
7.8253 -1.35408e-12 
7.8362 -1.34732e-12 
7.8471 -1.34062e-12 
7.858 -1.33397e-12 
7.8689 -1.32738e-12 
7.8798 -1.32084e-12 
7.8907 -1.31434e-12 
7.9016 -1.3079e-12 
7.9125 -1.30152e-12 
7.9234 -1.29518e-12 
7.9343 -1.28889e-12 
7.9452 -1.28265e-12 
7.9561 -1.27646e-12 
7.967 -1.27032e-12 
7.9779 -1.26423e-12 
7.9888 -1.25818e-12 
7.9997 -1.25218e-12 
8.0106 -1.24623e-12 
8.0215 -1.24032e-12 
8.0324 -1.23446e-12 
8.0433 -1.22864e-12 
8.0542 -1.22287e-12 
8.0651 -1.21714e-12 
8.076 -1.21146e-12 
8.0869 -1.20582e-12 
8.0978 -1.20022e-12 
8.1087 -1.19467e-12 
8.1196 -1.18915e-12 
8.1305 -1.18368e-12 
8.1414 -1.17825e-12 
8.1523 -1.17286e-12 
8.1632 -1.16751e-12 
8.1741 -1.1622e-12 
8.185 -1.15693e-12 
8.1959 -1.1517e-12 
8.2068 -1.14651e-12 
8.2177 -1.14136e-12 
8.2286 -1.13624e-12 
8.2395 -1.13116e-12 
8.2504 -1.12613e-12 
8.2613 -1.12112e-12 
8.2722 -1.11616e-12 
8.2831 -1.11122e-12 
8.294 -1.10633e-12 
8.3049 -1.10147e-12 
8.3158 -1.09665e-12 
8.3267 -1.09186e-12 
8.3376 -1.08711e-12 
8.3485 -1.08239e-12 
8.3594 -1.0777e-12 
8.3703 -1.07305e-12 
8.3812 -1.06843e-12 
8.3921 -1.06384e-12 
8.403 -1.05929e-12 
8.4139 -1.05477e-12 
8.4248 -1.05028e-12 
8.4357 -1.04582e-12 
8.4466 -1.0414e-12 
8.4575 -1.03701e-12 
8.4684 -1.03264e-12 
8.4793 -1.02831e-12 
8.4902 -1.02401e-12 
8.5011 -1.01973e-12 
8.512 -1.01549e-12 
8.5229 -1.01128e-12 
8.5338 -1.00709e-12 
8.5447 -1.00294e-12 
8.5556 -9.9881e-13 
8.5665 -9.94712e-13 
8.5774 -9.90642e-13 
8.5883 -9.866e-13 
8.5992 -9.82585e-13 
8.6101 -9.78598e-13 
8.621 -9.74638e-13 
8.6319 -9.70705e-13 
8.6428 -9.66798e-13 
8.6537 -9.62917e-13 
8.6646 -9.59064e-13 
8.6755 -9.55236e-13 
8.6864 -9.51433e-13 
8.6973 -9.47656e-13 
8.7082 -9.43905e-13 
8.7191 -9.40179e-13 
8.73 -9.36476e-13 
8.7409 -9.32799e-13 
8.7518 -9.29146e-13 
8.7627 -9.25517e-13 
8.7736 -9.21912e-13 
8.7845 -9.18331e-13 
8.7954 -9.14773e-13 
8.8063 -9.11239e-13 
8.8172 -9.07728e-13 
8.8281 -9.04239e-13 
8.839 -9.00774e-13 
8.8499 -8.9733e-13 
8.8608 -8.93909e-13 
8.8717 -8.90511e-13 
8.8826 -8.87134e-13 
8.8935 -8.83778e-13 
8.9044 -8.80444e-13 
8.9153 -8.77132e-13 
8.9262 -8.7384e-13 
8.9371 -8.7057e-13 
8.948 -8.67321e-13 
8.9589 -8.64092e-13 
8.9698 -8.60884e-13 
8.9807 -8.57695e-13 
8.9916 -8.54528e-13 
9.0025 -8.5138e-13 
9.0134 -8.48252e-13 
9.0243 -8.45142e-13 
9.0352 -8.42054e-13 
9.0461 -8.38984e-13 
9.057 -8.35932e-13 
9.0679 -8.329e-13 
9.0788 -8.29887e-13 
9.0897 -8.26893e-13 
9.1006 -8.23916e-13 
9.1115 -8.20958e-13 
9.1224 -8.18018e-13 
9.1333 -8.15097e-13 
9.1442 -8.12193e-13 
9.1551 -8.09306e-13 
9.166 -8.06437e-13 
9.1769 -8.03587e-13 
9.1878 -8.00752e-13 
9.1987 -7.97936e-13 
9.2096 -7.95136e-13 
9.2205 -7.92353e-13 
9.2314 -7.89587e-13 
9.2423 -7.86836e-13 
9.2532 -7.84104e-13 
9.2641 -7.81386e-13 
9.275 -7.78686e-13 
9.2859 -7.76001e-13 
9.2968 -7.73332e-13 
9.3077 -7.70679e-13 
9.3186 -7.68042e-13 
9.3295 -7.65419e-13 
9.3404 -7.62813e-13 
9.3513 -7.60222e-13 
9.3622 -7.57646e-13 
9.3731 -7.55085e-13 
9.384 -7.52538e-13 
9.3949 -7.50007e-13 
9.4058 -7.4749e-13 
9.4167 -7.44988e-13 
9.4276 -7.42501e-13 
9.4385 -7.40027e-13 
9.4494 -7.37569e-13 
9.4603 -7.35123e-13 
9.4712 -7.32692e-13 
9.4821 -7.30275e-13 
9.493 -7.27871e-13 
9.5039 -7.25481e-13 
9.5148 -7.23105e-13 
9.5257 -7.20742e-13 
9.5366 -7.18393e-13 
9.5475 -7.16057e-13 
9.5584 -7.13734e-13 
9.5693 -7.11424e-13 
9.5802 -7.09127e-13 
9.5911 -7.06843e-13 
9.602 -7.04571e-13 
9.6129 -7.02313e-13 
9.6238 -7.00066e-13 
9.6347 -6.97832e-13 
9.6456 -6.9561e-13 
9.6565 -6.93402e-13 
9.6674 -6.91204e-13 
9.6783 -6.89019e-13 
9.6892 -6.86846e-13 
9.7001 -6.84685e-13 
9.711 -6.82535e-13 
9.7219 -6.80398e-13 
9.7328 -6.78272e-13 
9.7437 -6.76157e-13 
9.7546 -6.74054e-13 
9.7655 -6.71963e-13 
9.7764 -6.69882e-13 
9.7873 -6.67813e-13 
9.7982 -6.65755e-13 
9.8091 -6.63707e-13 
9.82 -6.61671e-13 
9.8309 -6.59646e-13 
9.8418 -6.57631e-13 
9.8527 -6.55628e-13 
9.8636 -6.53634e-13 
9.8745 -6.51651e-13 
9.8854 -6.49679e-13 
9.8963 -6.47717e-13 
9.9072 -6.45766e-13 
9.9181 -6.43824e-13 
9.929 -6.41893e-13 
9.9399 -6.39972e-13 
9.9508 -6.38061e-13 
9.9617 -6.3616e-13 
9.9726 -6.34269e-13 
9.9835 -6.32387e-13 
9.9944 -6.30515e-13 
10.0053 -6.28653e-13 
10.0162 -6.268e-13 
10.0271 -6.24957e-13 
10.038 -6.23124e-13 
10.0489 -6.21299e-13 
10.0598 -6.19484e-13 
10.0707 -6.17679e-13 
10.0816 -6.15882e-13 
10.0925 -6.14095e-13 
10.1034 -6.12317e-13 
10.1143 -6.10547e-13 
10.1252 -6.08787e-13 
10.1361 -6.07035e-13 
10.147 -6.05292e-13 
10.1579 -6.03558e-13 
10.1688 -6.01833e-13 
10.1797 -6.00116e-13 
10.1906 -5.98408e-13 
10.2015 -5.96709e-13 
10.2124 -5.95017e-13 
10.2233 -5.93334e-13 
10.2342 -5.91659e-13 
10.2451 -5.89993e-13 
10.256 -5.88334e-13 
10.2669 -5.86685e-13 
10.2778 -5.85043e-13 
10.2887 -5.83409e-13 
10.2996 -5.81783e-13 
10.3105 -5.80164e-13 
10.3214 -5.78554e-13 
10.3323 -5.76952e-13 
10.3432 -5.75357e-13 
10.3541 -5.7377e-13 
10.365 -5.7219e-13 
10.3759 -5.70619e-13 
10.3868 -5.69055e-13 
10.3977 -5.67498e-13 
10.4086 -5.65949e-13 
10.4195 -5.64407e-13 
10.4304 -5.62873e-13 
10.4413 -5.61345e-13 
10.4522 -5.59825e-13 
10.4631 -5.58312e-13 
10.474 -5.56807e-13 
10.4849 -5.55308e-13 
10.4958 -5.53817e-13 
10.5067 -5.52332e-13 
10.5176 -5.50855e-13 
10.5285 -5.49384e-13 
10.5394 -5.4792e-13 
10.5503 -5.46463e-13 
10.5612 -5.45013e-13 
10.5721 -5.43569e-13 
10.583 -5.42133e-13 
10.5939 -5.40702e-13 
10.6048 -5.39279e-13 
10.6157 -5.37862e-13 
10.6266 -5.36451e-13 
10.6375 -5.35047e-13 
10.6484 -5.3365e-13 
10.6593 -5.32258e-13 
10.6702 -5.30873e-13 
10.6811 -5.29495e-13 
10.692 -5.28122e-13 
10.7029 -5.26756e-13 
10.7138 -5.25396e-13 
10.7247 -5.24043e-13 
10.7356 -5.22695e-13 
10.7465 -5.21353e-13 
10.7574 -5.20018e-13 
10.7683 -5.18688e-13 
10.7792 -5.17364e-13 
10.7901 -5.16046e-13 
10.801 -5.14734e-13 
10.8119 -5.13428e-13 
10.8228 -5.12128e-13 
10.8337 -5.10833e-13 
10.8446 -5.09544e-13 
10.8555 -5.08261e-13 
10.8664 -5.06984e-13 
10.8773 -5.05712e-13 
10.8882 -5.04445e-13 
10.8991 -5.03185e-13 
10.91 -5.01929e-13 
10.9209 -5.00679e-13 
10.9318 -4.99435e-13 
10.9427 -4.98196e-13 
10.9536 -4.96962e-13 
10.9645 -4.95734e-13 
10.9754 -4.94511e-13 
10.9863 -4.93293e-13 
10.9972 -4.92081e-13 
11.0081 -4.90873e-13 
11.019 -4.89671e-13 
11.0299 -4.88474e-13 
11.0408 -4.87282e-13 
11.0517 -4.86096e-13 
11.0626 -4.84914e-13 
11.0735 -4.83737e-13 
11.0844 -4.82565e-13 
11.0953 -4.81399e-13 
11.1062 -4.80237e-13 
11.1171 -4.7908e-13 
11.128 -4.77928e-13 
11.1389 -4.7678e-13 
11.1498 -4.75638e-13 
11.1607 -4.745e-13 
11.1716 -4.73367e-13 
11.1825 -4.72239e-13 
11.1934 -4.71115e-13 
11.2043 -4.69996e-13 
11.2152 -4.68882e-13 
11.2261 -4.67773e-13 
11.237 -4.66668e-13 
11.2479 -4.65567e-13 
11.2588 -4.64471e-13 
11.2697 -4.63379e-13 
11.2806 -4.62292e-13 
11.2915 -4.6121e-13 
11.3024 -4.60132e-13 
11.3133 -4.59058e-13 
11.3242 -4.57988e-13 
11.3351 -4.56923e-13 
11.346 -4.55863e-13 
11.3569 -4.54806e-13 
11.3678 -4.53754e-13 
11.3787 -4.52706e-13 
11.3896 -4.51662e-13 
11.4005 -4.50623e-13 
11.4114 -4.49587e-13 
11.4223 -4.48556e-13 
11.4332 -4.47529e-13 
11.4441 -4.46506e-13 
11.455 -4.45487e-13 
11.4659 -4.44472e-13 
11.4768 -4.43461e-13 
11.4877 -4.42454e-13 
11.4986 -4.41451e-13 
11.5095 -4.40452e-13 
11.5204 -4.39457e-13 
11.5313 -4.38466e-13 
11.5422 -4.37479e-13 
11.5531 -4.36495e-13 
11.564 -4.35516e-13 
11.5749 -4.3454e-13 
11.5858 -4.33568e-13 
11.5967 -4.326e-13 
11.6076 -4.31635e-13 
11.6185 -4.30675e-13 
11.6294 -4.29718e-13 
11.6403 -4.28764e-13 
11.6512 -4.27815e-13 
11.6621 -4.26869e-13 
11.673 -4.25926e-13 
11.6839 -4.24988e-13 
11.6948 -4.24053e-13 
11.7057 -4.23121e-13 
11.7166 -4.22193e-13 
11.7275 -4.21269e-13 
11.7384 -4.20348e-13 
11.7493 -4.1943e-13 
11.7602 -4.18516e-13 
11.7711 -4.17606e-13 
11.782 -4.16698e-13 
11.7929 -4.15795e-13 
11.8038 -4.14895e-13 
11.8147 -4.13998e-13 
11.8256 -4.13104e-13 
11.8365 -4.12214e-13 
11.8474 -4.11327e-13 
11.8583 -4.10443e-13 
11.8692 -4.09563e-13 
11.8801 -4.08686e-13 
11.891 -4.07812e-13 
11.9019 -4.06942e-13 
11.9128 -4.06074e-13 
11.9237 -4.0521e-13 
11.9346 -4.04349e-13 
11.9455 -4.03491e-13 
11.9564 -4.02637e-13 
11.9673 -4.01785e-13 
11.9782 -4.00937e-13 
11.9891 -4.00091e-13 
