0.01 -2.22262e-05 
0.0209 -2.09822e-05 
0.0318 -1.98207e-05 
0.0427 -1.87367e-05 
0.0536 -1.77255e-05 
0.0645 -1.67822e-05 
0.0754 -1.59021e-05 
0.0863 -1.50808e-05 
0.0972 -1.4314e-05 
0.1081 -1.35977e-05 
0.119 -1.29282e-05 
0.1299 -1.23021e-05 
0.1408 -1.1716e-05 
0.1517 -1.11671e-05 
0.1626 -1.06524e-05 
0.1735 -1.01696e-05 
0.1844 -9.7162e-06 
0.1953 -9.29008e-06 
0.2062 -8.88928e-06 
0.2171 -8.51191e-06 
0.228 -8.15635e-06 
0.2389 -7.82104e-06 
0.2498 -7.50451e-06 
0.2607 -7.20552e-06 
0.2716 -6.92283e-06 
0.2825 -6.65532e-06 
0.2934 -6.40201e-06 
0.3043 -6.16191e-06 
0.3152 -5.93416e-06 
0.3261 -5.71798e-06 
0.337 -5.5126e-06 
0.3479 -5.31736e-06 
0.3588 -5.13159e-06 
0.3697 -4.95472e-06 
0.3806 -4.78622e-06 
0.3915 -4.62556e-06 
0.4024 -4.47227e-06 
0.4133 -4.32593e-06 
0.4242 -4.18611e-06 
0.4351 -4.05245e-06 
0.446 -3.92459e-06 
0.4569 -3.8022e-06 
0.4678 -3.68497e-06 
0.4787 -3.57262e-06 
0.4896 -3.46487e-06 
0.5005 -3.36147e-06 
0.5114 -3.26218e-06 
0.5223 -3.16679e-06 
0.5332 -3.07508e-06 
0.5441 -2.98684e-06 
0.555 -2.90189e-06 
0.5659 -2.82005e-06 
0.5768 -2.74113e-06 
0.5877 -2.66496e-06 
0.5986 -2.59137e-06 
0.6095 -2.52014e-06 
0.6204 -2.45109e-06 
0.6313 -2.38399e-06 
0.6422 -2.31885e-06 
0.6531 -2.25582e-06 
0.664 -2.19499e-06 
0.6749 -2.13637e-06 
0.6858 -2.07989e-06 
0.6967 -2.02551e-06 
0.7076 -1.97315e-06 
0.7185 -1.92272e-06 
0.7294 -1.87413e-06 
0.7403 -1.82732e-06 
0.7512 -1.7822e-06 
0.7621 -1.7387e-06 
0.773 -1.69674e-06 
0.7839 -1.65625e-06 
0.7948 -1.61716e-06 
0.8057 -1.57942e-06 
0.8166 -1.54295e-06 
0.8275 -1.50771e-06 
0.8384 -1.47364e-06 
0.8493 -1.44068e-06 
0.8602 -1.4088e-06 
0.8711 -1.37793e-06 
0.882 -1.34805e-06 
0.8929 -1.3191e-06 
0.9038 -1.29104e-06 
0.9147 -1.26385e-06 
0.9256 -1.23748e-06 
0.9365 -1.2119e-06 
0.9474 -1.18707e-06 
0.9583 -1.16297e-06 
0.9692 -1.13957e-06 
0.9801 -1.11684e-06 
0.991 -1.09476e-06 
1.0019 -1.07329e-06 
1.0128 -1.05242e-06 
1.0237 -1.03212e-06 
1.0346 -1.01238e-06 
1.0455 -9.93166e-07 
1.0564 -9.74462e-07 
1.0673 -9.56252e-07 
1.0782 -9.38516e-07 
1.0891 -9.2124e-07 
1.1 -9.04405e-07 
1.1109 -8.87997e-07 
1.1218 -8.72e-07 
1.1327 -8.56401e-07 
1.1436 -8.41187e-07 
1.1545 -8.26343e-07 
1.1654 -8.11858e-07 
1.1763 -7.9772e-07 
1.1872 -7.83918e-07 
1.1981 -7.7044e-07 
1.209 -7.57276e-07 
1.2199 -7.44417e-07 
1.2308 -7.31852e-07 
1.2417 -7.19573e-07 
1.2526 -7.0757e-07 
1.2635 -6.95835e-07 
1.2744 -6.8436e-07 
1.2853 -6.73137e-07 
1.2962 -6.62159e-07 
1.3071 -6.51418e-07 
1.318 -6.40907e-07 
1.3289 -6.3062e-07 
1.3398 -6.2055e-07 
1.3507 -6.1069e-07 
1.3616 -6.01036e-07 
1.3725 -5.91581e-07 
1.3834 -5.82319e-07 
1.3943 -5.73246e-07 
1.4052 -5.64355e-07 
1.4161 -5.55643e-07 
1.427 -5.47103e-07 
1.4379 -5.38733e-07 
1.4488 -5.30526e-07 
1.4597 -5.22479e-07 
1.4706 -5.14588e-07 
1.4815 -5.06848e-07 
1.4924 -4.99256e-07 
1.5033 -4.91808e-07 
1.5142 -4.845e-07 
1.5251 -4.77328e-07 
1.536 -4.7029e-07 
1.5469 -4.63381e-07 
1.5578 -4.566e-07 
1.5687 -4.49941e-07 
1.5796 -4.43404e-07 
1.5905 -4.36984e-07 
1.6014 -4.30679e-07 
1.6123 -4.24485e-07 
1.6232 -4.18402e-07 
1.6341 -4.12425e-07 
1.645 -4.06552e-07 
1.6559 -4.00782e-07 
1.6668 -3.9511e-07 
1.6777 -3.89537e-07 
1.6886 -3.84058e-07 
1.6995 -3.78672e-07 
1.7104 -3.73377e-07 
1.7213 -3.68171e-07 
1.7322 -3.63051e-07 
1.7431 -3.58016e-07 
1.754 -3.53064e-07 
1.7649 -3.48194e-07 
1.7758 -3.43402e-07 
1.7867 -3.38688e-07 
1.7976 -3.3405e-07 
1.8085 -3.29487e-07 
1.8194 -3.24996e-07 
1.8303 -3.20576e-07 
1.8412 -3.16226e-07 
1.8521 -3.11944e-07 
1.863 -3.07728e-07 
1.8739 -3.03578e-07 
1.8848 -2.99492e-07 
1.8957 -2.95468e-07 
1.9066 -2.91505e-07 
1.9175 -2.87602e-07 
1.9284 -2.83758e-07 
1.9393 -2.79971e-07 
1.9502 -2.7624e-07 
1.9611 -2.72564e-07 
1.972 -2.68942e-07 
1.9829 -2.65372e-07 
1.9938 -2.61854e-07 
2.0047 -2.58386e-07 
2.0156 -2.54968e-07 
2.0265 -2.51597e-07 
2.0374 -2.48274e-07 
2.0483 -2.44996e-07 
2.0592 -2.41764e-07 
2.0701 -2.38574e-07 
2.081 -2.35428e-07 
2.0919 -2.32323e-07 
2.1028 -2.29258e-07 
2.1137 -2.26232e-07 
2.1246 -2.23244e-07 
2.1355 -2.20291e-07 
2.1464 -2.17375e-07 
2.1573 -2.14497e-07 
2.1682 -2.1166e-07 
2.1791 -2.08868e-07 
2.19 -2.06118e-07 
2.2009 -2.03411e-07 
2.2118 -2.00746e-07 
2.2227 -1.98122e-07 
2.2336 -1.95537e-07 
2.2445 -1.9299e-07 
2.2554 -1.9048e-07 
2.2663 -1.88006e-07 
2.2772 -1.85566e-07 
2.2881 -1.83161e-07 
2.299 -1.80788e-07 
2.3099 -1.78446e-07 
2.3208 -1.76135e-07 
2.3317 -1.73853e-07 
2.3426 -1.71599e-07 
2.3535 -1.69372e-07 
2.3644 -1.67171e-07 
2.3753 -1.64995e-07 
2.3862 -1.62844e-07 
2.3971 -1.60715e-07 
2.408 -1.58607e-07 
2.4189 -1.56521e-07 
2.4298 -1.54454e-07 
2.4407 -1.52406e-07 
2.4516 -1.50375e-07 
2.4625 -1.48361e-07 
2.4734 -1.46361e-07 
2.4843 -1.44376e-07 
2.4952 -1.42405e-07 
2.5061 -1.40444e-07 
2.517 -1.38495e-07 
2.5279 -1.36555e-07 
2.5388 -1.34623e-07 
2.5497 -1.32699e-07 
2.5606 -1.3078e-07 
2.5715 -1.28865e-07 
2.5824 -1.26953e-07 
2.5933 -1.25043e-07 
2.6042 -1.23133e-07 
2.6151 -1.21221e-07 
2.626 -1.19307e-07 
2.6369 -1.17388e-07 
2.6478 -1.15463e-07 
2.6587 -1.1353e-07 
2.6696 -1.11587e-07 
2.6805 -1.09632e-07 
2.6914 -1.07664e-07 
2.7023 -1.05681e-07 
2.7132 -1.0368e-07 
2.7241 -1.01659e-07 
2.735 -9.96162e-08 
2.7459 -9.75489e-08 
2.7568 -9.54547e-08 
2.7677 -9.33311e-08 
2.7786 -9.11754e-08 
2.7895 -8.89847e-08 
2.8004 -8.67562e-08 
2.8113 -8.44869e-08 
2.8222 -8.21734e-08 
2.8331 -7.98126e-08 
2.844 -7.7401e-08 
2.8549 -7.49348e-08 
2.8658 -7.24102e-08 
2.8767 -6.98233e-08 
2.8876 -6.71698e-08 
2.8985 -6.4445e-08 
2.9094 -6.16441e-08 
2.9203 -5.87618e-08 
2.9312 -5.57921e-08 
2.9421 -5.27286e-08 
2.953 -4.95636e-08 
2.9639 -4.62887e-08 
2.9748 -4.28932e-08 
2.9857 -3.93644e-08 
2.9966 -3.56862e-08 
3.0075 -3.18381e-08 
3.0184 -2.77947e-08 
3.0293 -2.35303e-08 
3.0402 -1.90503e-08 
3.0511 -1.45672e-08 
3.062 -1.10129e-08 
3.0729 -9.20953e-09 
3.0838 -8.42564e-09 
3.0947 -8.01926e-09 
3.1056 -7.75855e-09 
3.1165 -7.5609e-09 
3.1274 -7.39314e-09 
3.1383 -7.24044e-09 
3.1492 -7.09582e-09 
3.1601 -6.95574e-09 
3.171 -6.81845e-09 
3.1819 -6.68304e-09 
3.1928 -6.5491e-09 
3.2037 -6.41646e-09 
3.2146 -6.28512e-09 
3.2255 -6.15507e-09 
3.2364 -6.02641e-09 
3.2473 -5.89924e-09 
3.2582 -5.7736e-09 
3.2691 -5.64962e-09 
3.28 -5.52735e-09 
3.2909 -5.40686e-09 
3.3018 -5.2882e-09 
3.3127 -5.17144e-09 
3.3236 -5.05657e-09 
3.3345 -4.94366e-09 
3.3454 -4.83272e-09 
3.3563 -4.72374e-09 
3.3672 -4.61676e-09 
3.3781 -4.51177e-09 
3.389 -4.40877e-09 
3.3999 -4.30775e-09 
3.4108 -4.2087e-09 
3.4217 -4.1116e-09 
3.4326 -4.01645e-09 
3.4435 -3.92321e-09 
3.4544 -3.8319e-09 
3.4653 -3.74245e-09 
3.4762 -3.6549e-09 
3.4871 -3.56916e-09 
3.498 -3.48523e-09 
3.5089 -3.40307e-09 
3.5198 -3.3227e-09 
3.5307 -3.24403e-09 
3.5416 -3.1671e-09 
3.5525 -3.09183e-09 
3.5634 -3.01821e-09 
3.5743 -2.94621e-09 
3.5852 -2.87581e-09 
3.5961 -2.80695e-09 
3.607 -2.73966e-09 
3.6179 -2.67386e-09 
3.6288 -2.60956e-09 
3.6397 -2.5467e-09 
3.6506 -2.48526e-09 
3.6615 -2.42524e-09 
3.6724 -2.36659e-09 
3.6833 -2.30929e-09 
3.6942 -2.25331e-09 
3.7051 -2.19863e-09 
3.716 -2.14524e-09 
3.7269 -2.09308e-09 
3.7378 -2.04216e-09 
3.7487 -1.99245e-09 
3.7596 -1.94391e-09 
3.7705 -1.89654e-09 
3.7814 -1.85031e-09 
3.7923 -1.80519e-09 
3.8032 -1.76118e-09 
3.8141 -1.71824e-09 
3.825 -1.67636e-09 
3.8359 -1.63554e-09 
3.8468 -1.59573e-09 
3.8577 -1.55695e-09 
3.8686 -1.51915e-09 
3.8795 -1.48234e-09 
3.8904 -1.4465e-09 
3.9013 -1.41162e-09 
3.9122 -1.3777e-09 
3.9231 -1.34472e-09 
3.934 -1.3127e-09 
3.9449 -1.28164e-09 
3.9558 -1.25155e-09 
3.9667 -1.22244e-09 
3.9776 -1.19429e-09 
3.9885 -1.16695e-09 
3.9994 -1.1403e-09 
4.0103 -1.11428e-09 
4.0212 -1.08883e-09 
4.0321 -1.06396e-09 
4.043 -1.03962e-09 
4.0539 -1.0158e-09 
4.0648 -9.92488e-10 
4.0757 -9.69669e-10 
4.0866 -9.47338e-10 
4.0975 -9.25474e-10 
4.1084 -9.04071e-10 
4.1193 -8.8312e-10 
4.1302 -8.62606e-10 
4.1411 -8.42523e-10 
4.152 -8.22861e-10 
4.1629 -8.03611e-10 
4.1738 -7.84764e-10 
4.1847 -7.6631e-10 
4.1956 -7.48242e-10 
4.2065 -7.30554e-10 
4.2174 -7.13235e-10 
4.2283 -6.9628e-10 
4.2392 -6.7968e-10 
4.2501 -6.63423e-10 
4.261 -6.4751e-10 
4.2719 -6.31929e-10 
4.2828 -6.16675e-10 
4.2937 -6.01741e-10 
4.3046 -5.87121e-10 
4.3155 -5.72808e-10 
4.3264 -5.58792e-10 
4.3373 -5.45075e-10 
4.3482 -5.31644e-10 
4.3591 -5.18499e-10 
4.37 -5.0563e-10 
4.3809 -4.93031e-10 
4.3918 -4.80698e-10 
4.4027 -4.68627e-10 
4.4136 -4.56808e-10 
4.4245 -4.45244e-10 
4.4354 -4.33925e-10 
4.4463 -4.22844e-10 
4.4572 -4.12e-10 
4.4681 -4.01387e-10 
4.479 -3.91001e-10 
4.4899 -3.80835e-10 
4.5008 -3.70889e-10 
4.5117 -3.61154e-10 
4.5226 -3.5163e-10 
4.5335 -3.42309e-10 
4.5444 -3.33191e-10 
4.5553 -3.2427e-10 
4.5662 -3.15539e-10 
4.5771 -3.07e-10 
4.588 -2.98644e-10 
4.5989 -2.90473e-10 
4.6098 -2.8248e-10 
4.6207 -2.74661e-10 
4.6316 -2.67013e-10 
4.6425 -2.59533e-10 
4.6534 -2.52218e-10 
4.6643 -2.45067e-10 
4.6752 -2.38072e-10 
4.6861 -2.31234e-10 
4.697 -2.24547e-10 
4.7079 -2.1801e-10 
4.7188 -2.11621e-10 
4.7297 -2.05375e-10 
4.7406 -1.9927e-10 
4.7515 -1.93304e-10 
4.7624 -1.87473e-10 
4.7733 -1.81776e-10 
4.7842 -1.7621e-10 
4.7951 -1.70771e-10 
4.806 -1.65458e-10 
4.8169 -1.60268e-10 
4.8278 -1.552e-10 
4.8387 -1.50251e-10 
4.8496 -1.45419e-10 
4.8605 -1.407e-10 
4.8714 -1.36093e-10 
4.8823 -1.31597e-10 
4.8932 -1.27209e-10 
4.9041 -1.22927e-10 
4.915 -1.18749e-10 
4.9259 -1.14673e-10 
4.9368 -1.10698e-10 
4.9477 -1.06821e-10 
4.9586 -1.03041e-10 
4.9695 -9.93563e-11 
4.9804 -9.57644e-11 
4.9913 -9.2264e-11 
5.0022 -8.88539e-11 
5.0131 -8.55316e-11 
5.024 -8.22965e-11 
5.0349 -7.91467e-11 
5.0458 -7.60803e-11 
5.0567 -7.30968e-11 
5.0676 -7.01936e-11 
5.0785 -6.73703e-11 
5.0894 -6.46247e-11 
5.1003 -6.19566e-11 
5.1112 -5.93635e-11 
5.1221 -5.68452e-11 
5.133 -5.43998e-11 
5.1439 -5.20265e-11 
5.1548 -4.97238e-11 
5.1657 -4.74911e-11 
5.1766 -4.53268e-11 
5.1875 -4.32303e-11 
5.1984 -4.12005e-11 
5.2093 -3.92367e-11 
5.2202 -3.73375e-11 
5.2311 -3.55023e-11 
5.242 -3.37302e-11 
5.2529 -3.20204e-11 
5.2638 -3.03725e-11 
5.2747 -2.87855e-11 
5.2856 -2.72587e-11 
5.2965 -2.57918e-11 
5.3074 -2.43844e-11 
5.3183 -2.30356e-11 
5.3292 -2.17454e-11 
5.3401 -2.05136e-11 
5.351 -1.93399e-11 
5.3619 -1.82244e-11 
5.3728 -1.7167e-11 
5.3837 -1.61683e-11 
5.3946 -1.52285e-11 
5.4055 -1.43485e-11 
5.4164 -1.35294e-11 
5.4273 -1.27726e-11 
5.4382 -1.20803e-11 
5.4491 -1.14556e-11 
5.46 -1.09024e-11 
5.4709 -1.04264e-11 
5.4818 -1.00346e-11 
5.4927 -9.72828e-12 
5.5036 -9.48845e-12 
5.5145 -9.28749e-12 
5.5254 -9.10917e-12 
5.5363 -8.94566e-12 
5.5472 -8.79294e-12 
5.5581 -8.64859e-12 
5.569 -8.51107e-12 
5.5799 -8.37928e-12 
5.5908 -8.25245e-12 
5.6017 -8.12999e-12 
5.6126 -8.01144e-12 
5.6235 -7.89645e-12 
5.6344 -7.78473e-12 
5.6453 -7.67601e-12 
5.6562 -7.57008e-12 
5.6671 -7.46678e-12 
5.678 -7.36598e-12 
5.6889 -7.26743e-12 
5.6998 -7.17114e-12 
5.7107 -7.0769e-12 
5.7216 -6.9847e-12 
5.7325 -6.89441e-12 
5.7434 -6.80595e-12 
5.7543 -6.71928e-12 
5.7652 -6.63427e-12 
5.7761 -6.55093e-12 
5.787 -6.46912e-12 
5.7979 -6.38886e-12 
5.8088 -6.31007e-12 
5.8197 -6.23269e-12 
5.8306 -6.15669e-12 
5.8415 -6.08208e-12 
5.8524 -6.00873e-12 
5.8633 -5.93669e-12 
5.8742 -5.8658e-12 
5.8851 -5.79616e-12 
5.896 -5.72769e-12 
5.9069 -5.66037e-12 
5.9178 -5.59414e-12 
5.9287 -5.529e-12 
5.9396 -5.46489e-12 
5.9505 -5.40182e-12 
5.9614 -5.33975e-12 
5.9723 -5.27868e-12 
5.9832 -5.21855e-12 
5.9941 -5.15936e-12 
6.005 -5.10112e-12 
6.0159 -5.04373e-12 
6.0268 -4.98723e-12 
6.0377 -4.93161e-12 
6.0486 -4.8768e-12 
6.0595 -4.82283e-12 
6.0704 -4.76965e-12 
6.0813 -4.71728e-12 
6.0922 -4.66569e-12 
6.1031 -4.61483e-12 
6.114 -4.56471e-12 
6.1249 -4.51537e-12 
6.1358 -4.46671e-12 
6.1467 -4.41872e-12 
6.1576 -4.37147e-12 
6.1685 -4.32489e-12 
6.1794 -4.27894e-12 
6.1903 -4.23364e-12 
6.2012 -4.18902e-12 
6.2121 -4.14497e-12 
6.223 -4.10156e-12 
6.2339 -4.05878e-12 
6.2448 -4.01655e-12 
6.2557 -3.97491e-12 
6.2666 -3.93385e-12 
6.2775 -3.89336e-12 
6.2884 -3.85343e-12 
6.2993 -3.81401e-12 
6.3102 -3.77513e-12 
6.3211 -3.73679e-12 
6.332 -3.69895e-12 
6.3429 -3.66162e-12 
6.3538 -3.62479e-12 
6.3647 -3.58845e-12 
6.3756 -3.55257e-12 
6.3865 -3.51719e-12 
6.3974 -3.48224e-12 
6.4083 -3.44777e-12 
6.4192 -3.41375e-12 
6.4301 -3.38018e-12 
6.441 -3.34704e-12 
6.4519 -3.31433e-12 
6.4628 -3.28202e-12 
6.4737 -3.25016e-12 
6.4846 -3.21866e-12 
6.4955 -3.18761e-12 
6.5064 -3.15692e-12 
6.5173 -3.12663e-12 
6.5282 -3.09673e-12 
6.5391 -3.06719e-12 
6.55 -3.03803e-12 
6.5609 -3.00924e-12 
6.5718 -2.9808e-12 
6.5827 -2.95271e-12 
6.5936 -2.92498e-12 
6.6045 -2.8976e-12 
6.6154 -2.87054e-12 
6.6263 -2.84382e-12 
6.6372 -2.81742e-12 
6.6481 -2.79135e-12 
6.659 -2.7656e-12 
6.6699 -2.74016e-12 
6.6808 -2.71502e-12 
6.6917 -2.69018e-12 
6.7026 -2.66566e-12 
6.7135 -2.64143e-12 
6.7244 -2.61748e-12 
6.7353 -2.59381e-12 
6.7462 -2.57044e-12 
6.7571 -2.54734e-12 
6.768 -2.52451e-12 
6.7789 -2.50196e-12 
6.7898 -2.47967e-12 
6.8007 -2.45763e-12 
6.8116 -2.43587e-12 
6.8225 -2.41436e-12 
6.8334 -2.39309e-12 
6.8443 -2.37208e-12 
6.8552 -2.3513e-12 
6.8661 -2.33077e-12 
6.877 -2.31047e-12 
6.8879 -2.29041e-12 
6.8988 -2.27057e-12 
6.9097 -2.25098e-12 
6.9206 -2.23159e-12 
6.9315 -2.21243e-12 
6.9424 -2.1935e-12 
6.9533 -2.17477e-12 
6.9642 -2.15626e-12 
6.9751 -2.13795e-12 
6.986 -2.11985e-12 
6.9969 -2.10195e-12 
7.0078 -2.08425e-12 
7.0187 -2.06677e-12 
7.0296 -2.04946e-12 
7.0405 -2.03235e-12 
7.0514 -2.01543e-12 
7.0623 -1.9987e-12 
7.0732 -1.98215e-12 
7.0841 -1.96579e-12 
7.095 -1.9496e-12 
7.1059 -1.93359e-12 
7.1168 -1.91776e-12 
7.1277 -1.90209e-12 
7.1386 -1.88661e-12 
7.1495 -1.87129e-12 
7.1604 -1.85613e-12 
7.1713 -1.84115e-12 
7.1822 -1.82631e-12 
7.1931 -1.81164e-12 
7.204 -1.79713e-12 
7.2149 -1.78278e-12 
7.2258 -1.76857e-12 
7.2367 -1.75451e-12 
7.2476 -1.74062e-12 
7.2585 -1.72686e-12 
7.2694 -1.71325e-12 
7.2803 -1.69979e-12 
7.2912 -1.68646e-12 
7.3021 -1.67328e-12 
7.313 -1.66024e-12 
7.3239 -1.64734e-12 
7.3348 -1.63456e-12 
7.3457 -1.62192e-12 
7.3566 -1.60941e-12 
7.3675 -1.59703e-12 
7.3784 -1.58479e-12 
7.3893 -1.57267e-12 
7.4002 -1.56066e-12 
7.4111 -1.54879e-12 
7.422 -1.53704e-12 
7.4329 -1.5254e-12 
7.4438 -1.51389e-12 
7.4547 -1.5025e-12 
7.4656 -1.49122e-12 
7.4765 -1.48006e-12 
7.4874 -1.469e-12 
7.4983 -1.45806e-12 
7.5092 -1.44723e-12 
7.5201 -1.43651e-12 
7.531 -1.4259e-12 
7.5419 -1.41539e-12 
7.5528 -1.40499e-12 
7.5637 -1.39469e-12 
7.5746 -1.3845e-12 
7.5855 -1.37441e-12 
7.5964 -1.36441e-12 
7.6073 -1.35452e-12 
7.6182 -1.34472e-12 
7.6291 -1.33502e-12 
7.64 -1.32542e-12 
7.6509 -1.31591e-12 
7.6618 -1.30649e-12 
7.6727 -1.29717e-12 
7.6836 -1.28793e-12 
7.6945 -1.27879e-12 
7.7054 -1.26974e-12 
7.7163 -1.26077e-12 
7.7272 -1.25189e-12 
7.7381 -1.24309e-12 
7.749 -1.23439e-12 
7.7599 -1.22576e-12 
7.7708 -1.21721e-12 
7.7817 -1.20876e-12 
7.7926 -1.20038e-12 
7.8035 -1.19207e-12 
7.8144 -1.18385e-12 
7.8253 -1.17571e-12 
7.8362 -1.16764e-12 
7.8471 -1.15966e-12 
7.858 -1.15174e-12 
7.8689 -1.1439e-12 
7.8798 -1.13614e-12 
7.8907 -1.12844e-12 
7.9016 -1.12082e-12 
7.9125 -1.11327e-12 
7.9234 -1.10579e-12 
7.9343 -1.09838e-12 
7.9452 -1.09105e-12 
7.9561 -1.08377e-12 
7.967 -1.07657e-12 
7.9779 -1.06943e-12 
7.9888 -1.06236e-12 
7.9997 -1.05535e-12 
8.0106 -1.04841e-12 
8.0215 -1.04152e-12 
8.0324 -1.03471e-12 
8.0433 -1.02795e-12 
8.0542 -1.02126e-12 
8.0651 -1.01463e-12 
8.076 -1.00806e-12 
8.0869 -1.00154e-12 
8.0978 -9.95091e-13 
8.1087 -9.88693e-13 
8.1196 -9.82359e-13 
8.1305 -9.76076e-13 
8.1414 -9.69854e-13 
8.1523 -9.63687e-13 
8.1632 -9.57572e-13 
8.1741 -9.51512e-13 
8.185 -9.45506e-13 
8.1959 -9.39554e-13 
8.2068 -9.33655e-13 
8.2177 -9.27808e-13 
8.2286 -9.22013e-13 
8.2395 -9.16268e-13 
8.2504 -9.10576e-13 
8.2613 -9.04932e-13 
8.2722 -8.99337e-13 
8.2831 -8.93791e-13 
8.294 -8.88294e-13 
8.3049 -8.82845e-13 
8.3158 -8.77444e-13 
8.3267 -8.72089e-13 
8.3376 -8.6678e-13 
8.3485 -8.61518e-13 
8.3594 -8.563e-13 
8.3703 -8.51128e-13 
8.3812 -8.46e-13 
8.3921 -8.40916e-13 
8.403 -8.35876e-13 
8.4139 -8.30879e-13 
8.4248 -8.25924e-13 
8.4357 -8.21011e-13 
8.4466 -8.1614e-13 
8.4575 -8.11312e-13 
8.4684 -8.06523e-13 
8.4793 -8.01775e-13 
8.4902 -7.97067e-13 
8.5011 -7.92398e-13 
8.512 -7.87769e-13 
8.5229 -7.83178e-13 
8.5338 -7.78626e-13 
8.5447 -7.74113e-13 
8.5556 -7.69637e-13 
8.5665 -7.65197e-13 
8.5774 -7.60795e-13 
8.5883 -7.56429e-13 
8.5992 -7.52099e-13 
8.6101 -7.47806e-13 
8.621 -7.43547e-13 
8.6319 -7.39324e-13 
8.6428 -7.35135e-13 
8.6537 -7.3098e-13 
8.6646 -7.2686e-13 
8.6755 -7.22773e-13 
8.6864 -7.18719e-13 
8.6973 -7.14699e-13 
8.7082 -7.10711e-13 
8.7191 -7.06756e-13 
8.73 -7.02832e-13 
8.7409 -6.9894e-13 
8.7518 -6.9508e-13 
8.7627 -6.9125e-13 
8.7736 -6.87451e-13 
8.7845 -6.83683e-13 
8.7954 -6.79944e-13 
8.8063 -6.76236e-13 
8.8172 -6.72558e-13 
8.8281 -6.68908e-13 
8.839 -6.65287e-13 
8.8499 -6.61696e-13 
8.8608 -6.58132e-13 
8.8717 -6.54597e-13 
8.8826 -6.51089e-13 
8.8935 -6.47609e-13 
8.9044 -6.44157e-13 
8.9153 -6.40732e-13 
8.9262 -6.37333e-13 
8.9371 -6.33962e-13 
8.948 -6.30615e-13 
8.9589 -6.27295e-13 
8.9698 -6.24001e-13 
8.9807 -6.20733e-13 
8.9916 -6.17489e-13 
9.0025 -6.14271e-13 
9.0134 -6.11078e-13 
9.0243 -6.07909e-13 
9.0352 -6.04765e-13 
9.0461 -6.01645e-13 
9.057 -5.98548e-13 
9.0679 -5.95475e-13 
9.0788 -5.92426e-13 
9.0897 -5.89399e-13 
9.1006 -5.86396e-13 
9.1115 -5.83416e-13 
9.1224 -5.80458e-13 
9.1333 -5.77522e-13 
9.1442 -5.74609e-13 
9.1551 -5.71718e-13 
9.166 -5.68848e-13 
9.1769 -5.66e-13 
9.1878 -5.63172e-13 
9.1987 -5.60367e-13 
9.2096 -5.57583e-13 
9.2205 -5.54818e-13 
9.2314 -5.52075e-13 
9.2423 -5.49351e-13 
9.2532 -5.46649e-13 
9.2641 -5.43965e-13 
9.275 -5.41302e-13 
9.2859 -5.38658e-13 
9.2968 -5.36034e-13 
9.3077 -5.33429e-13 
9.3186 -5.30843e-13 
9.3295 -5.28276e-13 
9.3404 -5.25728e-13 
9.3513 -5.23198e-13 
9.3622 -5.20687e-13 
9.3731 -5.18194e-13 
9.384 -5.15718e-13 
9.3949 -5.13262e-13 
9.4058 -5.10822e-13 
9.4167 -5.084e-13 
9.4276 -5.05996e-13 
9.4385 -5.03609e-13 
9.4494 -5.01239e-13 
9.4603 -4.98886e-13 
9.4712 -4.96549e-13 
9.4821 -4.9423e-13 
9.493 -4.91927e-13 
9.5039 -4.8964e-13 
9.5148 -4.87369e-13 
9.5257 -4.85115e-13 
9.5366 -4.82876e-13 
9.5475 -4.80653e-13 
9.5584 -4.78446e-13 
9.5693 -4.76254e-13 
9.5802 -4.74079e-13 
9.5911 -4.71917e-13 
9.602 -4.69771e-13 
9.6129 -4.6764e-13 
9.6238 -4.65524e-13 
9.6347 -4.63423e-13 
9.6456 -4.61336e-13 
9.6565 -4.59264e-13 
9.6674 -4.57205e-13 
9.6783 -4.55162e-13 
9.6892 -4.53132e-13 
9.7001 -4.51116e-13 
9.711 -4.49114e-13 
9.7219 -4.47126e-13 
9.7328 -4.45151e-13 
9.7437 -4.4319e-13 
9.7546 -4.41242e-13 
9.7655 -4.39308e-13 
9.7764 -4.37386e-13 
9.7873 -4.35478e-13 
9.7982 -4.33582e-13 
9.8091 -4.317e-13 
9.82 -4.2983e-13 
9.8309 -4.27973e-13 
9.8418 -4.26128e-13 
9.8527 -4.24295e-13 
9.8636 -4.22475e-13 
9.8745 -4.20666e-13 
9.8854 -4.1887e-13 
9.8963 -4.17086e-13 
9.9072 -4.15314e-13 
9.9181 -4.13554e-13 
9.929 -4.11804e-13 
9.9399 -4.10067e-13 
9.9508 -4.08341e-13 
9.9617 -4.06627e-13 
9.9726 -4.04924e-13 
9.9835 -4.03232e-13 
9.9944 -4.01551e-13 
10.0053 -3.99881e-13 
10.0162 -3.98222e-13 
10.0271 -3.96574e-13 
10.038 -3.94936e-13 
10.0489 -3.93309e-13 
10.0598 -3.91693e-13 
10.0707 -3.90087e-13 
10.0816 -3.88492e-13 
10.0925 -3.86907e-13 
10.1034 -3.85332e-13 
10.1143 -3.83767e-13 
10.1252 -3.82212e-13 
10.1361 -3.80667e-13 
10.147 -3.79132e-13 
10.1579 -3.77607e-13 
10.1688 -3.76091e-13 
10.1797 -3.74585e-13 
10.1906 -3.73089e-13 
10.2015 -3.71602e-13 
10.2124 -3.70125e-13 
10.2233 -3.68657e-13 
10.2342 -3.67198e-13 
10.2451 -3.65749e-13 
10.256 -3.64308e-13 
10.2669 -3.62877e-13 
10.2778 -3.61454e-13 
10.2887 -3.6004e-13 
10.2996 -3.58636e-13 
10.3105 -3.57239e-13 
10.3214 -3.55852e-13 
10.3323 -3.54473e-13 
10.3432 -3.53103e-13 
10.3541 -3.51741e-13 
10.365 -3.50387e-13 
10.3759 -3.49042e-13 
10.3868 -3.47706e-13 
10.3977 -3.46377e-13 
10.4086 -3.45057e-13 
10.4195 -3.43744e-13 
10.4304 -3.4244e-13 
10.4413 -3.41143e-13 
10.4522 -3.39855e-13 
10.4631 -3.38574e-13 
10.474 -3.37301e-13 
10.4849 -3.36036e-13 
10.4958 -3.34778e-13 
10.5067 -3.33528e-13 
10.5176 -3.32286e-13 
10.5285 -3.31051e-13 
10.5394 -3.29823e-13 
10.5503 -3.28603e-13 
10.5612 -3.2739e-13 
10.5721 -3.26184e-13 
10.583 -3.24986e-13 
10.5939 -3.23794e-13 
10.6048 -3.2261e-13 
10.6157 -3.21432e-13 
10.6266 -3.20262e-13 
10.6375 -3.19099e-13 
10.6484 -3.17942e-13 
10.6593 -3.16792e-13 
10.6702 -3.15649e-13 
10.6811 -3.14513e-13 
10.692 -3.13383e-13 
10.7029 -3.1226e-13 
10.7138 -3.11143e-13 
10.7247 -3.10033e-13 
10.7356 -3.0893e-13 
10.7465 -3.07832e-13 
10.7574 -3.06742e-13 
10.7683 -3.05657e-13 
10.7792 -3.04579e-13 
10.7901 -3.03507e-13 
10.801 -3.02441e-13 
10.8119 -3.01381e-13 
10.8228 -3.00328e-13 
10.8337 -2.9928e-13 
10.8446 -2.98238e-13 
10.8555 -2.97202e-13 
10.8664 -2.96173e-13 
10.8773 -2.95149e-13 
10.8882 -2.9413e-13 
10.8991 -2.93118e-13 
10.91 -2.92111e-13 
10.9209 -2.9111e-13 
10.9318 -2.90115e-13 
10.9427 -2.89125e-13 
10.9536 -2.88141e-13 
10.9645 -2.87162e-13 
10.9754 -2.86189e-13 
10.9863 -2.85221e-13 
10.9972 -2.84259e-13 
11.0081 -2.83302e-13 
11.019 -2.8235e-13 
11.0299 -2.81404e-13 
11.0408 -2.80462e-13 
11.0517 -2.79526e-13 
11.0626 -2.78596e-13 
11.0735 -2.7767e-13 
11.0844 -2.76749e-13 
11.0953 -2.75834e-13 
11.1062 -2.74923e-13 
11.1171 -2.74018e-13 
11.128 -2.73117e-13 
11.1389 -2.72221e-13 
11.1498 -2.7133e-13 
11.1607 -2.70444e-13 
11.1716 -2.69563e-13 
11.1825 -2.68686e-13 
11.1934 -2.67815e-13 
11.2043 -2.66948e-13 
11.2152 -2.66086e-13 
11.2261 -2.65228e-13 
11.237 -2.64375e-13 
11.2479 -2.63526e-13 
11.2588 -2.62682e-13 
11.2697 -2.61843e-13 
11.2806 -2.61008e-13 
11.2915 -2.60177e-13 
11.3024 -2.59351e-13 
11.3133 -2.58529e-13 
11.3242 -2.57712e-13 
11.3351 -2.56899e-13 
11.346 -2.5609e-13 
11.3569 -2.55286e-13 
11.3678 -2.54485e-13 
11.3787 -2.53689e-13 
11.3896 -2.52897e-13 
11.4005 -2.52109e-13 
11.4114 -2.51326e-13 
11.4223 -2.50546e-13 
11.4332 -2.4977e-13 
11.4441 -2.48999e-13 
11.455 -2.48232e-13 
11.4659 -2.47468e-13 
11.4768 -2.46708e-13 
11.4877 -2.45953e-13 
11.4986 -2.45201e-13 
11.5095 -2.44453e-13 
11.5204 -2.43709e-13 
11.5313 -2.42969e-13 
11.5422 -2.42232e-13 
11.5531 -2.41499e-13 
11.564 -2.4077e-13 
11.5749 -2.40045e-13 
11.5858 -2.39323e-13 
11.5967 -2.38605e-13 
11.6076 -2.37891e-13 
11.6185 -2.3718e-13 
11.6294 -2.36473e-13 
11.6403 -2.3577e-13 
11.6512 -2.3507e-13 
11.6621 -2.34373e-13 
11.673 -2.3368e-13 
11.6839 -2.32991e-13 
11.6948 -2.32305e-13 
11.7057 -2.31622e-13 
11.7166 -2.30942e-13 
11.7275 -2.30266e-13 
11.7384 -2.29594e-13 
11.7493 -2.28925e-13 
11.7602 -2.28259e-13 
11.7711 -2.27596e-13 
11.782 -2.26937e-13 
11.7929 -2.26281e-13 
11.8038 -2.25628e-13 
11.8147 -2.24978e-13 
11.8256 -2.24332e-13 
11.8365 -2.23688e-13 
11.8474 -2.23048e-13 
11.8583 -2.22411e-13 
11.8692 -2.21777e-13 
11.8801 -2.21146e-13 
11.891 -2.20518e-13 
11.9019 -2.19893e-13 
11.9128 -2.19272e-13 
11.9237 -2.18652e-13 
11.9346 -2.18037e-13 
11.9455 -2.17424e-13 
11.9564 -2.16814e-13 
11.9673 -2.16207e-13 
11.9782 -2.15603e-13 
11.9891 -2.15001e-13 
