0.01 -3.02822e-05 
0.0209 -3.07623e-05 
0.0318 -3.11856e-05 
0.0427 -3.15479e-05 
0.0536 -3.18462e-05 
0.0645 -3.20781e-05 
0.0754 -3.22421e-05 
0.0863 -3.23377e-05 
0.0972 -3.2365e-05 
0.1081 -3.23254e-05 
0.119 -3.22208e-05 
0.1299 -3.20539e-05 
0.1408 -3.18282e-05 
0.1517 -3.15478e-05 
0.1626 -3.1217e-05 
0.1735 -3.08406e-05 
0.1844 -3.04234e-05 
0.1953 -2.99707e-05 
0.2062 -2.94871e-05 
0.2171 -2.89779e-05 
0.228 -2.84475e-05 
0.2389 -2.79004e-05 
0.2498 -2.73407e-05 
0.2607 -2.67721e-05 
0.2716 -2.61979e-05 
0.2825 -2.56207e-05 
0.2934 -2.50436e-05 
0.3043 -2.44696e-05 
0.3152 -2.39063e-05 
0.3261 -2.33726e-05 
0.337 -2.28872e-05 
0.3479 -2.24565e-05 
0.3588 -2.20793e-05 
0.3697 -2.17525e-05 
0.3806 -2.14719e-05 
0.3915 -2.12323e-05 
0.4024 -2.10287e-05 
0.4133 -2.08552e-05 
0.4242 -2.07055e-05 
0.4351 -2.05722e-05 
0.446 -2.04463e-05 
0.4569 -2.03179e-05 
0.4678 -2.01751e-05 
0.4787 -2.00037e-05 
0.4896 -1.97877e-05 
0.5005 -1.95092e-05 
0.5114 -1.91493e-05 
0.5223 -1.86889e-05 
0.5332 -1.81109e-05 
0.5441 -1.7402e-05 
0.555 -1.6556e-05 
0.5659 -1.55755e-05 
0.5768 -1.44743e-05 
0.5877 -1.32762e-05 
0.5986 -1.20143e-05 
0.6095 -1.07266e-05 
0.6204 -9.4521e-06 
0.6313 -8.22605e-06 
0.6422 -7.07718e-06 
0.6531 -6.02538e-06 
0.664 -5.08208e-06 
0.6749 -4.25104e-06 
0.6858 -3.52978e-06 
0.6967 -2.91181e-06 
0.7076 -2.38799e-06 
0.7185 -1.94808e-06 
0.7294 -1.58149e-06 
0.7403 -1.27815e-06 
0.7512 -1.0287e-06 
0.7621 -8.2486e-07 
0.773 -6.59281e-07 
0.7839 -5.25687e-07 
0.7948 -4.18693e-07 
0.8057 -3.3376e-07 
0.8166 -2.67067e-07 
0.8275 -2.15421e-07 
0.8384 -1.76154e-07 
0.8493 -1.47048e-07 
0.8602 -1.26262e-07 
0.8711 -1.12265e-07 
0.882 -1.03784e-07 
0.8929 -9.97649e-08 
0.9038 -9.93332e-08 
0.9147 -1.01758e-07 
0.9256 -1.06432e-07 
0.9365 -1.12847e-07 
0.9474 -1.20578e-07 
0.9583 -1.29267e-07 
0.9692 -1.38608e-07 
0.9801 -1.48342e-07 
0.991 -1.58243e-07 
1.0019 -1.68112e-07 
1.0128 -1.77771e-07 
1.0237 -1.87055e-07 
1.0346 -1.95812e-07 
1.0455 -2.03889e-07 
1.0564 -2.11136e-07 
1.0673 -2.17399e-07 
1.0782 -2.22516e-07 
1.0891 -2.26311e-07 
1.1 -2.28595e-07 
1.1109 -2.29163e-07 
1.1218 -2.27789e-07 
1.1327 -2.2423e-07 
1.1436 -2.18224e-07 
1.1545 -2.09502e-07 
1.1654 -1.978e-07 
1.1763 -1.82884e-07 
1.1872 -1.64623e-07 
1.1981 -1.43155e-07 
1.209 -1.19445e-07 
1.2199 -9.71948e-08 
1.2308 -8.46515e-08 
1.2417 -8.27424e-08 
1.2526 -8.44204e-08 
1.2635 -8.65472e-08 
1.2744 -8.83722e-08 
1.2853 -8.97596e-08 
1.2962 -9.07242e-08 
1.3071 -9.13157e-08 
1.318 -9.15875e-08 
1.3289 -9.1588e-08 
1.3398 -9.13587e-08 
1.3507 -9.09351e-08 
1.3616 -9.0347e-08 
1.3725 -8.96201e-08 
1.3834 -8.87754e-08 
1.3943 -8.78322e-08 
1.4052 -8.68052e-08 
1.4161 -8.57086e-08 
1.427 -8.45538e-08 
1.4379 -8.33512e-08 
1.4488 -8.21093e-08 
1.4597 -8.08361e-08 
1.4706 -7.95379e-08 
1.4815 -7.82208e-08 
1.4924 -7.68897e-08 
1.5033 -7.55492e-08 
1.5142 -7.42033e-08 
1.5251 -7.28552e-08 
1.536 -7.15081e-08 
1.5469 -7.01645e-08 
1.5578 -6.88269e-08 
1.5687 -6.74971e-08 
1.5796 -6.6177e-08 
1.5905 -6.4868e-08 
1.6014 -6.35716e-08 
1.6123 -6.22888e-08 
1.6232 -6.10206e-08 
1.6341 -5.97678e-08 
1.645 -5.85312e-08 
1.6559 -5.73113e-08 
1.6668 -5.61086e-08 
1.6777 -5.49234e-08 
1.6886 -5.37562e-08 
1.6995 -5.2607e-08 
1.7104 -5.14761e-08 
1.7213 -5.03635e-08 
1.7322 -4.92693e-08 
1.7431 -4.81933e-08 
1.754 -4.71354e-08 
1.7649 -4.60955e-08 
1.7758 -4.5073e-08 
1.7867 -4.40679e-08 
1.7976 -4.30791e-08 
1.8085 -4.21056e-08 
1.8194 -4.11462e-08 
1.8303 -4.02009e-08 
1.8412 -3.92704e-08 
1.8521 -3.83558e-08 
1.863 -3.74578e-08 
1.8739 -3.65766e-08 
1.8848 -3.57125e-08 
1.8957 -3.48658e-08 
1.9066 -3.40363e-08 
1.9175 -3.32241e-08 
1.9284 -3.24293e-08 
1.9393 -3.16517e-08 
1.9502 -3.08913e-08 
1.9611 -3.0148e-08 
1.972 -2.94216e-08 
1.9829 -2.87119e-08 
1.9938 -2.80189e-08 
2.0047 -2.73423e-08 
2.0156 -2.66821e-08 
2.0265 -2.60382e-08 
2.0374 -2.54101e-08 
2.0483 -2.4798e-08 
2.0592 -2.42016e-08 
2.0701 -2.36207e-08 
2.081 -2.30554e-08 
2.0919 -2.25057e-08 
2.1028 -2.19714e-08 
2.1137 -2.14527e-08 
2.1246 -2.09498e-08 
2.1355 -2.04628e-08 
2.1464 -1.99905e-08 
2.1573 -1.9531e-08 
2.1682 -1.90825e-08 
2.1791 -1.86443e-08 
2.19 -1.82155e-08 
2.2009 -1.77962e-08 
2.2118 -1.73858e-08 
2.2227 -1.69844e-08 
2.2336 -1.65917e-08 
2.2445 -1.62073e-08 
2.2554 -1.58313e-08 
2.2663 -1.54634e-08 
2.2772 -1.51034e-08 
2.2881 -1.47513e-08 
2.299 -1.44069e-08 
2.3099 -1.407e-08 
2.3208 -1.37404e-08 
2.3317 -1.34181e-08 
2.3426 -1.31029e-08 
2.3535 -1.27946e-08 
2.3644 -1.24931e-08 
2.3753 -1.21983e-08 
2.3862 -1.191e-08 
2.3971 -1.16281e-08 
2.408 -1.13525e-08 
2.4189 -1.10831e-08 
2.4298 -1.08196e-08 
2.4407 -1.05621e-08 
2.4516 -1.03103e-08 
2.4625 -1.00641e-08 
2.4734 -9.8235e-09 
2.4843 -9.58833e-09 
2.4952 -9.35846e-09 
2.5061 -9.13375e-09 
2.517 -8.9141e-09 
2.5279 -8.69942e-09 
2.5388 -8.48962e-09 
2.5497 -8.28453e-09 
2.5606 -8.08413e-09 
2.5715 -7.88831e-09 
2.5824 -7.6969e-09 
2.5933 -7.50985e-09 
2.6042 -7.3271e-09 
2.6151 -7.14848e-09 
2.626 -6.97393e-09 
2.6369 -6.80337e-09 
2.6478 -6.63672e-09 
2.6587 -6.47387e-09 
2.6696 -6.31473e-09 
2.6805 -6.15929e-09 
2.6914 -6.00739e-09 
2.7023 -5.85896e-09 
2.7132 -5.71397e-09 
2.7241 -5.57227e-09 
2.735 -5.43387e-09 
2.7459 -5.29866e-09 
2.7568 -5.16654e-09 
2.7677 -5.03746e-09 
2.7786 -4.91137e-09 
2.7895 -4.78819e-09 
2.8004 -4.66784e-09 
2.8113 -4.55029e-09 
2.8222 -4.43546e-09 
2.8331 -4.32327e-09 
2.844 -4.21367e-09 
2.8549 -4.10663e-09 
2.8658 -4.00209e-09 
2.8767 -3.89994e-09 
2.8876 -3.80018e-09 
2.8985 -3.70275e-09 
2.9094 -3.60757e-09 
2.9203 -3.51461e-09 
2.9312 -3.42382e-09 
2.9421 -3.33515e-09 
2.953 -3.24852e-09 
2.9639 -3.16395e-09 
2.9748 -3.08133e-09 
2.9857 -3.00065e-09 
2.9966 -2.92186e-09 
3.0075 -2.84491e-09 
3.0184 -2.76976e-09 
3.0293 -2.69638e-09 
3.0402 -2.62472e-09 
3.0511 -2.55484e-09 
3.062 -2.48661e-09 
3.0729 -2.42005e-09 
3.0838 -2.35505e-09 
3.0947 -2.29161e-09 
3.1056 -2.22972e-09 
3.1165 -2.16927e-09 
3.1274 -2.11029e-09 
3.1383 -2.05272e-09 
3.1492 -1.99655e-09 
3.1601 -1.94169e-09 
3.171 -1.88816e-09 
3.1819 -1.83591e-09 
3.1928 -1.78493e-09 
3.2037 -1.73518e-09 
3.2146 -1.68662e-09 
3.2255 -1.63924e-09 
3.2364 -1.593e-09 
3.2473 -1.54789e-09 
3.2582 -1.50385e-09 
3.2691 -1.4609e-09 
3.28 -1.41898e-09 
3.2909 -1.3781e-09 
3.3018 -1.3382e-09 
3.3127 -1.29928e-09 
3.3236 -1.26132e-09 
3.3345 -1.22429e-09 
3.3454 -1.18817e-09 
3.3563 -1.15294e-09 
3.3672 -1.11856e-09 
3.3781 -1.08505e-09 
3.389 -1.05237e-09 
3.3999 -1.02051e-09 
3.4108 -9.89426e-10 
3.4217 -9.59126e-10 
3.4326 -9.29582e-10 
3.4435 -9.00784e-10 
3.4544 -8.72704e-10 
3.4653 -8.45338e-10 
3.4762 -8.18665e-10 
3.4871 -7.92664e-10 
3.498 -7.67327e-10 
3.5089 -7.42636e-10 
3.5198 -7.1858e-10 
3.5307 -6.95141e-10 
3.5416 -6.72314e-10 
3.5525 -6.5007e-10 
3.5634 -6.28403e-10 
3.5743 -6.07305e-10 
3.5852 -5.86759e-10 
3.5961 -5.6675e-10 
3.607 -5.47274e-10 
3.6179 -5.2831e-10 
3.6288 -5.09849e-10 
3.6397 -4.91891e-10 
3.6506 -4.74406e-10 
3.6615 -4.57401e-10 
3.6724 -4.40854e-10 
3.6833 -4.24761e-10 
3.6942 -4.09109e-10 
3.7051 -3.93887e-10 
3.716 -3.79092e-10 
3.7269 -3.64706e-10 
3.7378 -3.5073e-10 
3.7487 -3.37144e-10 
3.7596 -3.2395e-10 
3.7705 -3.11131e-10 
3.7814 -2.98685e-10 
3.7923 -2.86601e-10 
3.8032 -2.74874e-10 
3.8141 -2.63494e-10 
3.825 -2.52452e-10 
3.8359 -2.41745e-10 
3.8468 -2.31364e-10 
3.8577 -2.21301e-10 
3.8686 -2.11551e-10 
3.8795 -2.02107e-10 
3.8904 -1.92963e-10 
3.9013 -1.84113e-10 
3.9122 -1.75551e-10 
3.9231 -1.67271e-10 
3.934 -1.59267e-10 
3.9449 -1.51535e-10 
3.9558 -1.44069e-10 
3.9667 -1.36863e-10 
3.9776 -1.29913e-10 
3.9885 -1.23215e-10 
3.9994 -1.16764e-10 
4.0103 -1.10555e-10 
4.0212 -1.04584e-10 
4.0321 -9.8848e-11 
4.043 -9.33423e-11 
4.0539 -8.80638e-11 
4.0648 -8.3009e-11 
4.0757 -7.81749e-11 
4.0866 -7.35589e-11 
4.0975 -6.91581e-11 
4.1084 -6.49706e-11 
4.1193 -6.09943e-11 
4.1302 -5.72277e-11 
4.1411 -5.367e-11 
4.152 -5.03206e-11 
4.1629 -4.71795e-11 
4.1738 -4.42478e-11 
4.1847 -4.15274e-11 
4.1956 -3.90212e-11 
4.2065 -3.67342e-11 
4.2174 -3.46734e-11 
4.2283 -3.2849e-11 
4.2392 -3.12757e-11 
4.2501 -2.99733e-11 
4.261 -2.89604e-11 
4.2719 -2.82141e-11 
4.2828 -2.76446e-11 
4.2937 -2.71732e-11 
4.3046 -2.67605e-11 
4.3155 -2.63875e-11 
4.3264 -2.60434e-11 
4.3373 -2.57217e-11 
4.3482 -2.54181e-11 
4.3591 -2.51296e-11 
4.37 -2.4854e-11 
4.3809 -2.45896e-11 
4.3918 -2.43351e-11 
4.4027 -2.40895e-11 
4.4136 -2.38519e-11 
4.4245 -2.36215e-11 
4.4354 -2.33978e-11 
4.4463 -2.31803e-11 
4.4572 -2.29686e-11 
4.4681 -2.27621e-11 
4.479 -2.25607e-11 
4.4899 -2.2364e-11 
4.5008 -2.21718e-11 
4.5117 -2.19837e-11 
4.5226 -2.17997e-11 
4.5335 -2.16195e-11 
4.5444 -2.14429e-11 
4.5553 -2.12697e-11 
4.5662 -2.10999e-11 
4.5771 -2.09333e-11 
4.588 -2.07697e-11 
4.5989 -2.06091e-11 
4.6098 -2.04512e-11 
4.6207 -2.02962e-11 
4.6316 -2.01437e-11 
4.6425 -1.99938e-11 
4.6534 -1.98464e-11 
4.6643 -1.97013e-11 
4.6752 -1.95586e-11 
4.6861 -1.94181e-11 
4.697 -1.92798e-11 
4.7079 -1.91435e-11 
4.7188 -1.90094e-11 
4.7297 -1.88772e-11 
4.7406 -1.8747e-11 
4.7515 -1.86186e-11 
4.7624 -1.84921e-11 
4.7733 -1.83674e-11 
4.7842 -1.82444e-11 
4.7951 -1.81231e-11 
4.806 -1.80035e-11 
4.8169 -1.78855e-11 
4.8278 -1.77691e-11 
4.8387 -1.76542e-11 
4.8496 -1.75409e-11 
4.8605 -1.7429e-11 
4.8714 -1.73186e-11 
4.8823 -1.72096e-11 
4.8932 -1.71019e-11 
4.9041 -1.69956e-11 
4.915 -1.68907e-11 
4.9259 -1.6787e-11 
4.9368 -1.66846e-11 
4.9477 -1.65834e-11 
4.9586 -1.64835e-11 
4.9695 -1.63848e-11 
4.9804 -1.62872e-11 
4.9913 -1.61908e-11 
5.0022 -1.60955e-11 
5.0131 -1.60013e-11 
5.024 -1.59082e-11 
5.0349 -1.58161e-11 
5.0458 -1.57251e-11 
5.0567 -1.56351e-11 
5.0676 -1.55462e-11 
5.0785 -1.54582e-11 
5.0894 -1.53712e-11 
5.1003 -1.52851e-11 
5.1112 -1.52e-11 
5.1221 -1.51158e-11 
5.133 -1.50325e-11 
5.1439 -1.49501e-11 
5.1548 -1.48685e-11 
5.1657 -1.47878e-11 
5.1766 -1.4708e-11 
5.1875 -1.4629e-11 
5.1984 -1.45508e-11 
5.2093 -1.44734e-11 
5.2202 -1.43968e-11 
5.2311 -1.4321e-11 
5.242 -1.42459e-11 
5.2529 -1.41716e-11 
5.2638 -1.4098e-11 
5.2747 -1.40252e-11 
5.2856 -1.39531e-11 
5.2965 -1.38817e-11 
5.3074 -1.3811e-11 
5.3183 -1.37409e-11 
5.3292 -1.36716e-11 
5.3401 -1.36029e-11 
5.351 -1.35348e-11 
5.3619 -1.34674e-11 
5.3728 -1.34007e-11 
5.3837 -1.33345e-11 
5.3946 -1.3269e-11 
5.4055 -1.32041e-11 
5.4164 -1.31398e-11 
5.4273 -1.30761e-11 
5.4382 -1.3013e-11 
5.4491 -1.29504e-11 
5.46 -1.28884e-11 
5.4709 -1.28269e-11 
5.4818 -1.2766e-11 
5.4927 -1.27057e-11 
5.5036 -1.26459e-11 
5.5145 -1.25866e-11 
5.5254 -1.25278e-11 
5.5363 -1.24696e-11 
5.5472 -1.24118e-11 
5.5581 -1.23546e-11 
5.569 -1.22978e-11 
5.5799 -1.22415e-11 
5.5908 -1.21857e-11 
5.6017 -1.21304e-11 
5.6126 -1.20755e-11 
5.6235 -1.20211e-11 
5.6344 -1.19672e-11 
5.6453 -1.19137e-11 
5.6562 -1.18607e-11 
5.6671 -1.1808e-11 
5.678 -1.17559e-11 
5.6889 -1.17041e-11 
5.6998 -1.16528e-11 
5.7107 -1.16018e-11 
5.7216 -1.15513e-11 
5.7325 -1.15012e-11 
5.7434 -1.14515e-11 
5.7543 -1.14022e-11 
5.7652 -1.13533e-11 
5.7761 -1.13048e-11 
5.787 -1.12566e-11 
5.7979 -1.12088e-11 
5.8088 -1.11614e-11 
5.8197 -1.11144e-11 
5.8306 -1.10677e-11 
5.8415 -1.10214e-11 
5.8524 -1.09754e-11 
5.8633 -1.09298e-11 
5.8742 -1.08845e-11 
5.8851 -1.08396e-11 
5.896 -1.0795e-11 
5.9069 -1.07508e-11 
5.9178 -1.07068e-11 
5.9287 -1.06632e-11 
5.9396 -1.062e-11 
5.9505 -1.0577e-11 
5.9614 -1.05344e-11 
5.9723 -1.0492e-11 
5.9832 -1.045e-11 
5.9941 -1.04083e-11 
6.005 -1.03669e-11 
6.0159 -1.03257e-11 
6.0268 -1.02849e-11 
6.0377 -1.02444e-11 
6.0486 -1.02041e-11 
6.0595 -1.01642e-11 
6.0704 -1.01245e-11 
6.0813 -1.00851e-11 
6.0922 -1.00459e-11 
6.1031 -1.00071e-11 
6.114 -9.96851e-12 
6.1249 -9.93019e-12 
6.1358 -9.89214e-12 
6.1467 -9.85434e-12 
6.1576 -9.81681e-12 
6.1685 -9.77953e-12 
6.1794 -9.7425e-12 
6.1903 -9.70572e-12 
6.2012 -9.6692e-12 
6.2121 -9.63292e-12 
6.223 -9.59687e-12 
6.2339 -9.56107e-12 
6.2448 -9.52551e-12 
6.2557 -9.49018e-12 
6.2666 -9.45509e-12 
6.2775 -9.42022e-12 
6.2884 -9.38558e-12 
6.2993 -9.35118e-12 
6.3102 -9.31699e-12 
6.3211 -9.28302e-12 
6.332 -9.24927e-12 
6.3429 -9.21574e-12 
6.3538 -9.18243e-12 
6.3647 -9.14933e-12 
6.3756 -9.11644e-12 
6.3865 -9.08375e-12 
6.3974 -9.05128e-12 
6.4083 -9.01901e-12 
6.4192 -8.98693e-12 
6.4301 -8.95506e-12 
6.441 -8.92339e-12 
6.4519 -8.89192e-12 
6.4628 -8.86064e-12 
6.4737 -8.82955e-12 
6.4846 -8.79866e-12 
6.4955 -8.76795e-12 
6.5064 -8.73743e-12 
6.5173 -8.7071e-12 
6.5282 -8.67695e-12 
6.5391 -8.64698e-12 
6.55 -8.6172e-12 
6.5609 -8.58759e-12 
6.5718 -8.55816e-12 
6.5827 -8.52891e-12 
6.5936 -8.49983e-12 
6.6045 -8.47092e-12 
6.6154 -8.44218e-12 
6.6263 -8.41361e-12 
6.6372 -8.38522e-12 
6.6481 -8.35698e-12 
6.659 -8.32891e-12 
6.6699 -8.30101e-12 
6.6808 -8.27327e-12 
6.6917 -8.24568e-12 
6.7026 -8.21826e-12 
6.7135 -8.191e-12 
6.7244 -8.16389e-12 
6.7353 -8.13693e-12 
6.7462 -8.11013e-12 
6.7571 -8.08348e-12 
6.768 -8.05698e-12 
6.7789 -8.03063e-12 
6.7898 -8.00443e-12 
6.8007 -7.97838e-12 
6.8116 -7.95247e-12 
6.8225 -7.92671e-12 
6.8334 -7.90109e-12 
6.8443 -7.87561e-12 
6.8552 -7.85028e-12 
6.8661 -7.82508e-12 
6.877 -7.80002e-12 
6.8879 -7.7751e-12 
6.8988 -7.75031e-12 
6.9097 -7.72566e-12 
6.9206 -7.70115e-12 
6.9315 -7.67676e-12 
6.9424 -7.65251e-12 
6.9533 -7.62839e-12 
6.9642 -7.6044e-12 
6.9751 -7.58053e-12 
6.986 -7.5568e-12 
6.9969 -7.53319e-12 
7.0078 -7.5097e-12 
7.0187 -7.48635e-12 
7.0296 -7.46311e-12 
7.0405 -7.44e-12 
7.0514 -7.417e-12 
7.0623 -7.39413e-12 
7.0732 -7.37138e-12 
7.0841 -7.34875e-12 
7.095 -7.32623e-12 
7.1059 -7.30383e-12 
7.1168 -7.28155e-12 
7.1277 -7.25938e-12 
7.1386 -7.23732e-12 
7.1495 -7.21538e-12 
7.1604 -7.19355e-12 
7.1713 -7.17183e-12 
7.1822 -7.15022e-12 
7.1931 -7.12873e-12 
7.204 -7.10734e-12 
7.2149 -7.08605e-12 
7.2258 -7.06488e-12 
7.2367 -7.04381e-12 
7.2476 -7.02285e-12 
7.2585 -7.00199e-12 
7.2694 -6.98124e-12 
7.2803 -6.96059e-12 
7.2912 -6.94004e-12 
7.3021 -6.91959e-12 
7.313 -6.89924e-12 
7.3239 -6.879e-12 
7.3348 -6.85885e-12 
7.3457 -6.8388e-12 
7.3566 -6.81885e-12 
7.3675 -6.799e-12 
7.3784 -6.77924e-12 
7.3893 -6.75958e-12 
7.4002 -6.74002e-12 
7.4111 -6.72054e-12 
7.422 -6.70117e-12 
7.4329 -6.68188e-12 
7.4438 -6.66269e-12 
7.4547 -6.64359e-12 
7.4656 -6.62458e-12 
7.4765 -6.60566e-12 
7.4874 -6.58683e-12 
7.4983 -6.56809e-12 
7.5092 -6.54944e-12 
7.5201 -6.53087e-12 
7.531 -6.51239e-12 
7.5419 -6.494e-12 
7.5528 -6.4757e-12 
7.5637 -6.45748e-12 
7.5746 -6.43934e-12 
7.5855 -6.42129e-12 
7.5964 -6.40333e-12 
7.6073 -6.38544e-12 
7.6182 -6.36764e-12 
7.6291 -6.34992e-12 
7.64 -6.33228e-12 
7.6509 -6.31473e-12 
7.6618 -6.29725e-12 
7.6727 -6.27985e-12 
7.6836 -6.26253e-12 
7.6945 -6.24529e-12 
7.7054 -6.22813e-12 
7.7163 -6.21105e-12 
7.7272 -6.19404e-12 
7.7381 -6.17711e-12 
7.749 -6.16026e-12 
7.7599 -6.14348e-12 
7.7708 -6.12677e-12 
7.7817 -6.11014e-12 
7.7926 -6.09359e-12 
7.8035 -6.0771e-12 
7.8144 -6.06069e-12 
7.8253 -6.04436e-12 
7.8362 -6.02809e-12 
7.8471 -6.0119e-12 
7.858 -5.99578e-12 
7.8689 -5.97973e-12 
7.8798 -5.96374e-12 
7.8907 -5.94783e-12 
7.9016 -5.93199e-12 
7.9125 -5.91622e-12 
7.9234 -5.90051e-12 
7.9343 -5.88487e-12 
7.9452 -5.86931e-12 
7.9561 -5.8538e-12 
7.967 -5.83837e-12 
7.9779 -5.823e-12 
7.9888 -5.80769e-12 
7.9997 -5.79245e-12 
8.0106 -5.77728e-12 
8.0215 -5.76217e-12 
8.0324 -5.74713e-12 
8.0433 -5.73215e-12 
8.0542 -5.71723e-12 
8.0651 -5.70238e-12 
8.076 -5.68758e-12 
8.0869 -5.67285e-12 
8.0978 -5.65819e-12 
8.1087 -5.64358e-12 
8.1196 -5.62903e-12 
8.1305 -5.61455e-12 
8.1414 -5.60012e-12 
8.1523 -5.58576e-12 
8.1632 -5.57145e-12 
8.1741 -5.55721e-12 
8.185 -5.54302e-12 
8.1959 -5.52889e-12 
8.2068 -5.51482e-12 
8.2177 -5.50081e-12 
8.2286 -5.48686e-12 
8.2395 -5.47296e-12 
8.2504 -5.45912e-12 
8.2613 -5.44533e-12 
8.2722 -5.4316e-12 
8.2831 -5.41793e-12 
8.294 -5.40431e-12 
8.3049 -5.39075e-12 
8.3158 -5.37724e-12 
8.3267 -5.36379e-12 
8.3376 -5.35039e-12 
8.3485 -5.33704e-12 
8.3594 -5.32375e-12 
8.3703 -5.31051e-12 
8.3812 -5.29733e-12 
8.3921 -5.28419e-12 
8.403 -5.27111e-12 
8.4139 -5.25808e-12 
8.4248 -5.2451e-12 
8.4357 -5.23218e-12 
8.4466 -5.2193e-12 
8.4575 -5.20648e-12 
8.4684 -5.1937e-12 
8.4793 -5.18098e-12 
8.4902 -5.16831e-12 
8.5011 -5.15568e-12 
8.512 -5.14311e-12 
8.5229 -5.13058e-12 
8.5338 -5.1181e-12 
8.5447 -5.10567e-12 
8.5556 -5.09329e-12 
8.5665 -5.08096e-12 
8.5774 -5.06868e-12 
8.5883 -5.05644e-12 
8.5992 -5.04425e-12 
8.6101 -5.0321e-12 
8.621 -5.02001e-12 
8.6319 -5.00796e-12 
8.6428 -4.99595e-12 
8.6537 -4.98399e-12 
8.6646 -4.97208e-12 
8.6755 -4.96021e-12 
8.6864 -4.94839e-12 
8.6973 -4.93661e-12 
8.7082 -4.92488e-12 
8.7191 -4.91319e-12 
8.73 -4.90154e-12 
8.7409 -4.88994e-12 
8.7518 -4.87839e-12 
8.7627 -4.86687e-12 
8.7736 -4.8554e-12 
8.7845 -4.84397e-12 
8.7954 -4.83259e-12 
8.8063 -4.82125e-12 
8.8172 -4.80995e-12 
8.8281 -4.79869e-12 
8.839 -4.78747e-12 
8.8499 -4.7763e-12 
8.8608 -4.76516e-12 
8.8717 -4.75407e-12 
8.8826 -4.74302e-12 
8.8935 -4.73201e-12 
8.9044 -4.72103e-12 
8.9153 -4.7101e-12 
8.9262 -4.69921e-12 
8.9371 -4.68836e-12 
8.948 -4.67755e-12 
8.9589 -4.66678e-12 
8.9698 -4.65605e-12 
8.9807 -4.64535e-12 
8.9916 -4.6347e-12 
9.0025 -4.62408e-12 
9.0134 -4.61351e-12 
9.0243 -4.60297e-12 
9.0352 -4.59247e-12 
9.0461 -4.582e-12 
9.057 -4.57158e-12 
9.0679 -4.56119e-12 
9.0788 -4.55084e-12 
9.0897 -4.54052e-12 
9.1006 -4.53024e-12 
9.1115 -4.52e-12 
9.1224 -4.5098e-12 
9.1333 -4.49963e-12 
9.1442 -4.4895e-12 
9.1551 -4.4794e-12 
9.166 -4.46934e-12 
9.1769 -4.45932e-12 
9.1878 -4.44933e-12 
9.1987 -4.43937e-12 
9.2096 -4.42945e-12 
9.2205 -4.41957e-12 
9.2314 -4.40972e-12 
9.2423 -4.3999e-12 
9.2532 -4.39012e-12 
9.2641 -4.38038e-12 
9.275 -4.37066e-12 
9.2859 -4.36098e-12 
9.2968 -4.35134e-12 
9.3077 -4.34173e-12 
9.3186 -4.33215e-12 
9.3295 -4.3226e-12 
9.3404 -4.31309e-12 
9.3513 -4.30361e-12 
9.3622 -4.29416e-12 
9.3731 -4.28475e-12 
9.384 -4.27537e-12 
9.3949 -4.26602e-12 
9.4058 -4.2567e-12 
9.4167 -4.24741e-12 
9.4276 -4.23816e-12 
9.4385 -4.22893e-12 
9.4494 -4.21974e-12 
9.4603 -4.21058e-12 
9.4712 -4.20145e-12 
9.4821 -4.19236e-12 
9.493 -4.18329e-12 
9.5039 -4.17425e-12 
9.5148 -4.16525e-12 
9.5257 -4.15627e-12 
9.5366 -4.14732e-12 
9.5475 -4.13841e-12 
9.5584 -4.12952e-12 
9.5693 -4.12067e-12 
9.5802 -4.11184e-12 
9.5911 -4.10304e-12 
9.602 -4.09428e-12 
9.6129 -4.08554e-12 
9.6238 -4.07683e-12 
9.6347 -4.06815e-12 
9.6456 -4.0595e-12 
9.6565 -4.05088e-12 
9.6674 -4.04228e-12 
9.6783 -4.03372e-12 
9.6892 -4.02518e-12 
9.7001 -4.01667e-12 
9.711 -4.00819e-12 
9.7219 -3.99974e-12 
9.7328 -3.99131e-12 
9.7437 -3.98291e-12 
9.7546 -3.97454e-12 
9.7655 -3.9662e-12 
9.7764 -3.95788e-12 
9.7873 -3.9496e-12 
9.7982 -3.94133e-12 
9.8091 -3.9331e-12 
9.82 -3.92489e-12 
9.8309 -3.91671e-12 
9.8418 -3.90856e-12 
9.8527 -3.90043e-12 
9.8636 -3.89233e-12 
9.8745 -3.88425e-12 
9.8854 -3.8762e-12 
9.8963 -3.86818e-12 
9.9072 -3.86018e-12 
9.9181 -3.8522e-12 
9.929 -3.84426e-12 
9.9399 -3.83634e-12 
9.9508 -3.82844e-12 
9.9617 -3.82057e-12 
9.9726 -3.81272e-12 
9.9835 -3.8049e-12 
9.9944 -3.79711e-12 
10.0053 -3.78934e-12 
10.0162 -3.78159e-12 
10.0271 -3.77387e-12 
10.038 -3.76617e-12 
10.0489 -3.7585e-12 
10.0598 -3.75085e-12 
10.0707 -3.74322e-12 
10.0816 -3.73562e-12 
10.0925 -3.72804e-12 
10.1034 -3.72049e-12 
10.1143 -3.71296e-12 
10.1252 -3.70546e-12 
10.1361 -3.69797e-12 
10.147 -3.69051e-12 
10.1579 -3.68308e-12 
10.1688 -3.67567e-12 
10.1797 -3.66828e-12 
10.1906 -3.66091e-12 
10.2015 -3.65357e-12 
10.2124 -3.64625e-12 
10.2233 -3.63895e-12 
10.2342 -3.63167e-12 
10.2451 -3.62442e-12 
10.256 -3.61719e-12 
10.2669 -3.60998e-12 
10.2778 -3.60279e-12 
10.2887 -3.59563e-12 
10.2996 -3.58849e-12 
10.3105 -3.58137e-12 
10.3214 -3.57427e-12 
10.3323 -3.56719e-12 
10.3432 -3.56014e-12 
10.3541 -3.55311e-12 
10.365 -3.54609e-12 
10.3759 -3.5391e-12 
10.3868 -3.53213e-12 
10.3977 -3.52519e-12 
10.4086 -3.51826e-12 
10.4195 -3.51135e-12 
10.4304 -3.50447e-12 
10.4413 -3.4976e-12 
10.4522 -3.49076e-12 
10.4631 -3.48394e-12 
10.474 -3.47713e-12 
10.4849 -3.47035e-12 
10.4958 -3.46359e-12 
10.5067 -3.45685e-12 
10.5176 -3.45013e-12 
10.5285 -3.44343e-12 
10.5394 -3.43675e-12 
10.5503 -3.43009e-12 
10.5612 -3.42345e-12 
10.5721 -3.41682e-12 
10.583 -3.41022e-12 
10.5939 -3.40364e-12 
10.6048 -3.39708e-12 
10.6157 -3.39054e-12 
10.6266 -3.38401e-12 
10.6375 -3.37751e-12 
10.6484 -3.37102e-12 
10.6593 -3.36456e-12 
10.6702 -3.35811e-12 
10.6811 -3.35168e-12 
10.692 -3.34528e-12 
10.7029 -3.33889e-12 
10.7138 -3.33252e-12 
10.7247 -3.32616e-12 
10.7356 -3.31983e-12 
10.7465 -3.31351e-12 
10.7574 -3.30722e-12 
10.7683 -3.30094e-12 
10.7792 -3.29468e-12 
10.7901 -3.28844e-12 
10.801 -3.28221e-12 
10.8119 -3.27601e-12 
10.8228 -3.26982e-12 
10.8337 -3.26365e-12 
10.8446 -3.2575e-12 
10.8555 -3.25137e-12 
10.8664 -3.24525e-12 
10.8773 -3.23915e-12 
10.8882 -3.23307e-12 
10.8991 -3.22701e-12 
10.91 -3.22096e-12 
10.9209 -3.21493e-12 
10.9318 -3.20892e-12 
10.9427 -3.20293e-12 
10.9536 -3.19695e-12 
10.9645 -3.19099e-12 
10.9754 -3.18505e-12 
10.9863 -3.17912e-12 
10.9972 -3.17322e-12 
11.0081 -3.16732e-12 
11.019 -3.16145e-12 
11.0299 -3.15559e-12 
11.0408 -3.14975e-12 
11.0517 -3.14392e-12 
11.0626 -3.13812e-12 
11.0735 -3.13232e-12 
11.0844 -3.12655e-12 
11.0953 -3.12079e-12 
11.1062 -3.11505e-12 
11.1171 -3.10932e-12 
11.128 -3.10361e-12 
11.1389 -3.09791e-12 
11.1498 -3.09223e-12 
11.1607 -3.08657e-12 
11.1716 -3.08092e-12 
11.1825 -3.07529e-12 
11.1934 -3.06968e-12 
11.2043 -3.06408e-12 
11.2152 -3.05849e-12 
11.2261 -3.05293e-12 
11.237 -3.04737e-12 
11.2479 -3.04184e-12 
11.2588 -3.03631e-12 
11.2697 -3.03081e-12 
11.2806 -3.02532e-12 
11.2915 -3.01984e-12 
11.3024 -3.01438e-12 
11.3133 -3.00893e-12 
11.3242 -3.0035e-12 
11.3351 -2.99809e-12 
11.346 -2.99269e-12 
11.3569 -2.9873e-12 
11.3678 -2.98193e-12 
11.3787 -2.97657e-12 
11.3896 -2.97123e-12 
11.4005 -2.9659e-12 
11.4114 -2.96059e-12 
11.4223 -2.95529e-12 
11.4332 -2.95001e-12 
11.4441 -2.94474e-12 
11.455 -2.93949e-12 
11.4659 -2.93425e-12 
11.4768 -2.92902e-12 
11.4877 -2.92381e-12 
11.4986 -2.91861e-12 
11.5095 -2.91343e-12 
11.5204 -2.90826e-12 
11.5313 -2.9031e-12 
11.5422 -2.89796e-12 
11.5531 -2.89283e-12 
11.564 -2.88772e-12 
11.5749 -2.88262e-12 
11.5858 -2.87753e-12 
11.5967 -2.87246e-12 
11.6076 -2.8674e-12 
11.6185 -2.86236e-12 
11.6294 -2.85733e-12 
11.6403 -2.85231e-12 
11.6512 -2.8473e-12 
11.6621 -2.84231e-12 
11.673 -2.83733e-12 
11.6839 -2.83237e-12 
11.6948 -2.82742e-12 
11.7057 -2.82248e-12 
11.7166 -2.81755e-12 
11.7275 -2.81264e-12 
11.7384 -2.80774e-12 
11.7493 -2.80286e-12 
11.7602 -2.79799e-12 
11.7711 -2.79313e-12 
11.782 -2.78828e-12 
11.7929 -2.78344e-12 
11.8038 -2.77862e-12 
11.8147 -2.77381e-12 
11.8256 -2.76902e-12 
11.8365 -2.76424e-12 
11.8474 -2.75946e-12 
11.8583 -2.75471e-12 
11.8692 -2.74996e-12 
11.8801 -2.74523e-12 
11.891 -2.74051e-12 
11.9019 -2.7358e-12 
11.9128 -2.7311e-12 
11.9237 -2.72642e-12 
11.9346 -2.72175e-12 
11.9455 -2.71709e-12 
11.9564 -2.71244e-12 
11.9673 -2.70781e-12 
11.9782 -2.70318e-12 
11.9891 -2.69857e-12 
