0.01 -1.93932e-05 
0.0209 -1.83504e-05 
0.0318 -1.73767e-05 
0.0427 -1.64673e-05 
0.0536 -1.56177e-05 
0.0645 -1.48236e-05 
0.0754 -1.4081e-05 
0.0863 -1.33862e-05 
0.0972 -1.27354e-05 
0.1081 -1.21256e-05 
0.119 -1.15536e-05 
0.1299 -1.10167e-05 
0.1408 -1.05123e-05 
0.1517 -1.00379e-05 
0.1626 -9.59143e-06 
0.1735 -9.17078e-06 
0.1844 -8.77412e-06 
0.1953 -8.3997e-06 
0.2062 -8.04599e-06 
0.2171 -7.71148e-06 
0.228 -7.39486e-06 
0.2389 -7.09485e-06 
0.2498 -6.81031e-06 
0.2607 -6.54022e-06 
0.2716 -6.28355e-06 
0.2825 -6.03941e-06 
0.2934 -5.80701e-06 
0.3043 -5.58563e-06 
0.3152 -5.37487e-06 
0.3261 -5.17497e-06 
0.337 -4.98756e-06 
0.3479 -4.81386e-06 
0.3588 -4.65295e-06 
0.3697 -4.50313e-06 
0.3806 -4.36279e-06 
0.3915 -4.2307e-06 
0.4024 -4.10582e-06 
0.4133 -3.98735e-06 
0.4242 -3.87462e-06 
0.4351 -3.76707e-06 
0.446 -3.66427e-06 
0.4569 -3.56582e-06 
0.4678 -3.4714e-06 
0.4787 -3.3807e-06 
0.4896 -3.29347e-06 
0.5005 -3.20952e-06 
0.5114 -3.12863e-06 
0.5223 -3.05062e-06 
0.5332 -2.97535e-06 
0.5441 -2.90265e-06 
0.555 -2.83241e-06 
0.5659 -2.7645e-06 
0.5768 -2.6988e-06 
0.5877 -2.63522e-06 
0.5986 -2.57365e-06 
0.6095 -2.51402e-06 
0.6204 -2.45623e-06 
0.6313 -2.4002e-06 
0.6422 -2.34586e-06 
0.6531 -2.29314e-06 
0.664 -2.24198e-06 
0.6749 -2.19231e-06 
0.6858 -2.14408e-06 
0.6967 -2.09722e-06 
0.7076 -2.05169e-06 
0.7185 -2.00742e-06 
0.7294 -1.96439e-06 
0.7403 -1.92253e-06 
0.7512 -1.88181e-06 
0.7621 -1.84218e-06 
0.773 -1.8036e-06 
0.7839 -1.76603e-06 
0.7948 -1.72943e-06 
0.8057 -1.69377e-06 
0.8166 -1.659e-06 
0.8275 -1.62508e-06 
0.8384 -1.59198e-06 
0.8493 -1.55966e-06 
0.8602 -1.52806e-06 
0.8711 -1.49714e-06 
0.882 -1.46685e-06 
0.8929 -1.4372e-06 
0.9038 -1.40832e-06 
0.9147 -1.38034e-06 
0.9256 -1.35331e-06 
0.9365 -1.32721e-06 
0.9474 -1.30204e-06 
0.9583 -1.27777e-06 
0.9692 -1.25437e-06 
0.9801 -1.2318e-06 
0.991 -1.21005e-06 
1.0019 -1.18908e-06 
1.0128 -1.16887e-06 
1.0237 -1.14938e-06 
1.0346 -1.13058e-06 
1.0455 -1.11247e-06 
1.0564 -1.095e-06 
1.0673 -1.07816e-06 
1.0782 -1.06192e-06 
1.0891 -1.04628e-06 
1.1 -1.03119e-06 
1.1109 -1.01665e-06 
1.1218 -1.00264e-06 
1.1327 -9.89143e-07 
1.1436 -9.76141e-07 
1.1545 -9.63619e-07 
1.1654 -9.51562e-07 
1.1763 -9.39957e-07 
1.1872 -9.28789e-07 
1.1981 -9.18046e-07 
1.209 -9.07715e-07 
1.2199 -8.97784e-07 
1.2308 -8.88239e-07 
1.2417 -8.79068e-07 
1.2526 -8.7026e-07 
1.2635 -8.61799e-07 
1.2744 -8.53675e-07 
1.2853 -8.45872e-07 
1.2962 -8.38373e-07 
1.3071 -8.31165e-07 
1.318 -8.24228e-07 
1.3289 -8.17541e-07 
1.3398 -8.11081e-07 
1.3507 -8.04823e-07 
1.3616 -7.98736e-07 
1.3725 -7.92786e-07 
1.3834 -7.86931e-07 
1.3943 -7.81128e-07 
1.4052 -7.75319e-07 
1.4161 -7.69443e-07 
1.427 -7.63424e-07 
1.4379 -7.5718e-07 
1.4488 -7.50615e-07 
1.4597 -7.4361e-07 
1.4706 -7.36044e-07 
1.4815 -7.2777e-07 
1.4924 -7.18632e-07 
1.5033 -7.08458e-07 
1.5142 -6.97065e-07 
1.5251 -6.84258e-07 
1.536 -6.69851e-07 
1.5469 -6.53664e-07 
1.5578 -6.35534e-07 
1.5687 -6.15347e-07 
1.5796 -5.93029e-07 
1.5905 -5.68583e-07 
1.6014 -5.42091e-07 
1.6123 -5.13719e-07 
1.6232 -4.83732e-07 
1.6341 -4.5247e-07 
1.645 -4.20343e-07 
1.6559 -3.87793e-07 
1.6668 -3.55276e-07 
1.6777 -3.2322e-07 
1.6886 -2.92005e-07 
1.6995 -2.61934e-07 
1.7104 -2.3322e-07 
1.7213 -2.05985e-07 
1.7322 -1.80259e-07 
1.7431 -1.55989e-07 
1.754 -1.3306e-07 
1.7649 -1.11334e-07 
1.7758 -9.07781e-08 
1.7867 -7.19736e-08 
1.7976 -5.76688e-08 
1.8085 -5.10828e-08 
1.8194 -4.90771e-08 
1.8303 -4.83249e-08 
1.8412 -4.77931e-08 
1.8521 -4.72244e-08 
1.863 -4.65644e-08 
1.8739 -4.58137e-08 
1.8848 -4.49869e-08 
1.8957 -4.41008e-08 
1.9066 -4.31705e-08 
1.9175 -4.22088e-08 
1.9284 -4.12265e-08 
1.9393 -4.02322e-08 
1.9502 -3.92327e-08 
1.9611 -3.82336e-08 
1.972 -3.72394e-08 
1.9829 -3.62538e-08 
1.9938 -3.52793e-08 
2.0047 -3.43185e-08 
2.0156 -3.3373e-08 
2.0265 -3.24442e-08 
2.0374 -3.15331e-08 
2.0483 -3.06405e-08 
2.0592 -2.9767e-08 
2.0701 -2.8913e-08 
2.081 -2.80787e-08 
2.0919 -2.72641e-08 
2.1028 -2.64695e-08 
2.1137 -2.56946e-08 
2.1246 -2.49394e-08 
2.1355 -2.42038e-08 
2.1464 -2.34876e-08 
2.1573 -2.27905e-08 
2.1682 -2.21121e-08 
2.1791 -2.14522e-08 
2.19 -2.08102e-08 
2.2009 -2.01861e-08 
2.2118 -1.95791e-08 
2.2227 -1.89892e-08 
2.2336 -1.84157e-08 
2.2445 -1.78585e-08 
2.2554 -1.7317e-08 
2.2663 -1.67911e-08 
2.2772 -1.62801e-08 
2.2881 -1.57837e-08 
2.299 -1.53017e-08 
2.3099 -1.48336e-08 
2.3208 -1.4379e-08 
2.3317 -1.39376e-08 
2.3426 -1.35092e-08 
2.3535 -1.30932e-08 
2.3644 -1.26895e-08 
2.3753 -1.22977e-08 
2.3862 -1.19174e-08 
2.3971 -1.15484e-08 
2.408 -1.11903e-08 
2.4189 -1.08428e-08 
2.4298 -1.05058e-08 
2.4407 -1.01788e-08 
2.4516 -9.86165e-09 
2.4625 -9.55404e-09 
2.4734 -9.25576e-09 
2.4843 -8.96651e-09 
2.4952 -8.68608e-09 
2.5061 -8.41425e-09 
2.517 -8.15077e-09 
2.5279 -7.8954e-09 
2.5388 -7.64797e-09 
2.5497 -7.40825e-09 
2.5606 -7.17608e-09 
2.5715 -6.95122e-09 
2.5824 -6.73355e-09 
2.5933 -6.52287e-09 
2.6042 -6.31899e-09 
2.6151 -6.12179e-09 
2.626 -5.93115e-09 
2.6369 -5.74689e-09 
2.6478 -5.56894e-09 
2.6587 -5.39719e-09 
2.6696 -5.23159e-09 
2.6805 -5.07207e-09 
2.6914 -4.9187e-09 
2.7023 -4.77146e-09 
2.7132 -4.63022e-09 
2.7241 -4.49432e-09 
2.735 -4.36288e-09 
2.7459 -4.23543e-09 
2.7568 -4.11165e-09 
2.7677 -3.99136e-09 
2.7786 -3.87442e-09 
2.7895 -3.76069e-09 
2.8004 -3.65006e-09 
2.8113 -3.54246e-09 
2.8222 -3.43777e-09 
2.8331 -3.33592e-09 
2.844 -3.23681e-09 
2.8549 -3.14038e-09 
2.8658 -3.04655e-09 
2.8767 -2.95524e-09 
2.8876 -2.8664e-09 
2.8985 -2.77994e-09 
2.9094 -2.69582e-09 
2.9203 -2.61396e-09 
2.9312 -2.5343e-09 
2.9421 -2.45679e-09 
2.953 -2.38136e-09 
2.9639 -2.30797e-09 
2.9748 -2.23656e-09 
2.9857 -2.16709e-09 
2.9966 -2.09948e-09 
3.0075 -2.03369e-09 
3.0184 -1.96969e-09 
3.0293 -1.90743e-09 
3.0402 -1.84685e-09 
3.0511 -1.78792e-09 
3.062 -1.7306e-09 
3.0729 -1.67483e-09 
3.0838 -1.62058e-09 
3.0947 -1.56782e-09 
3.1056 -1.51649e-09 
3.1165 -1.46658e-09 
3.1274 -1.41804e-09 
3.1383 -1.37083e-09 
3.1492 -1.32492e-09 
3.1601 -1.28029e-09 
3.171 -1.23688e-09 
3.1819 -1.1947e-09 
3.1928 -1.15368e-09 
3.2037 -1.1138e-09 
3.2146 -1.07504e-09 
3.2255 -1.03736e-09 
3.2364 -1.00075e-09 
3.2473 -9.65166e-10 
3.2582 -9.306e-10 
3.2691 -8.97012e-10 
3.28 -8.64381e-10 
3.2909 -8.32682e-10 
3.3018 -8.01896e-10 
3.3127 -7.72e-10 
3.3236 -7.42966e-10 
3.3345 -7.14781e-10 
3.3454 -6.87415e-10 
3.3563 -6.60855e-10 
3.3672 -6.35078e-10 
3.3781 -6.10066e-10 
3.389 -5.85799e-10 
3.3999 -5.62258e-10 
3.4108 -5.39429e-10 
3.4217 -5.1729e-10 
3.4326 -4.95827e-10 
3.4435 -4.75023e-10 
3.4544 -4.54864e-10 
3.4653 -4.3533e-10 
3.4762 -4.16412e-10 
3.4871 -3.98089e-10 
3.498 -3.80353e-10 
3.5089 -3.63186e-10 
3.5198 -3.46574e-10 
3.5307 -3.30509e-10 
3.5416 -3.14972e-10 
3.5525 -2.99955e-10 
3.5634 -2.85446e-10 
3.5743 -2.71431e-10 
3.5852 -2.57901e-10 
3.5961 -2.44843e-10 
3.607 -2.32248e-10 
3.6179 -2.20106e-10 
3.6288 -2.08406e-10 
3.6397 -1.9714e-10 
3.6506 -1.86298e-10 
3.6615 -1.7587e-10 
3.6724 -1.6585e-10 
3.6833 -1.56228e-10 
3.6942 -1.46999e-10 
3.7051 -1.38151e-10 
3.716 -1.29681e-10 
3.7269 -1.21581e-10 
3.7378 -1.13845e-10 
3.7487 -1.06466e-10 
3.7596 -9.94414e-11 
3.7705 -9.27637e-11 
3.7814 -8.64305e-11 
3.7923 -8.04378e-11 
3.8032 -7.47828e-11 
3.8141 -6.9464e-11 
3.825 -6.44801e-11 
3.8359 -5.98314e-11 
3.8468 -5.55199e-11 
3.8577 -5.15498e-11 
3.8686 -4.79272e-11 
3.8795 -4.46624e-11 
3.8904 -4.17705e-11 
3.9013 -3.92737e-11 
3.9122 -3.72022e-11 
3.9231 -3.55794e-11 
3.934 -3.43555e-11 
3.9449 -3.33873e-11 
3.9558 -3.25633e-11 
3.9667 -3.18283e-11 
3.9776 -3.11555e-11 
3.9885 -3.05294e-11 
3.9994 -2.99403e-11 
4.0103 -2.9382e-11 
4.0212 -2.88497e-11 
4.0321 -2.83403e-11 
4.043 -2.7851e-11 
4.0539 -2.73797e-11 
4.0648 -2.69249e-11 
4.0757 -2.64849e-11 
4.0866 -2.60589e-11 
4.0975 -2.56457e-11 
4.1084 -2.52445e-11 
4.1193 -2.48546e-11 
4.1302 -2.44755e-11 
4.1411 -2.41062e-11 
4.152 -2.37465e-11 
4.1629 -2.33958e-11 
4.1738 -2.30536e-11 
4.1847 -2.27197e-11 
4.1956 -2.23939e-11 
4.2065 -2.20754e-11 
4.2174 -2.17642e-11 
4.2283 -2.146e-11 
4.2392 -2.11625e-11 
4.2501 -2.08715e-11 
4.261 -2.05867e-11 
4.2719 -2.03078e-11 
4.2828 -2.00349e-11 
4.2937 -1.97675e-11 
4.3046 -1.95056e-11 
4.3155 -1.9249e-11 
4.3264 -1.89975e-11 
4.3373 -1.8751e-11 
4.3482 -1.85093e-11 
4.3591 -1.82723e-11 
4.37 -1.80398e-11 
4.3809 -1.78117e-11 
4.3918 -1.75879e-11 
4.4027 -1.73684e-11 
4.4136 -1.71529e-11 
4.4245 -1.69414e-11 
4.4354 -1.67338e-11 
4.4463 -1.65299e-11 
4.4572 -1.63297e-11 
4.4681 -1.6133e-11 
4.479 -1.59398e-11 
4.4899 -1.57501e-11 
4.5008 -1.55637e-11 
4.5117 -1.53806e-11 
4.5226 -1.52006e-11 
4.5335 -1.50237e-11 
4.5444 -1.48499e-11 
4.5553 -1.4679e-11 
4.5662 -1.45109e-11 
4.5771 -1.43457e-11 
4.588 -1.41833e-11 
4.5989 -1.40235e-11 
4.6098 -1.38665e-11 
4.6207 -1.37119e-11 
4.6316 -1.35599e-11 
4.6425 -1.34103e-11 
4.6534 -1.32633e-11 
4.6643 -1.31185e-11 
4.6752 -1.29761e-11 
4.6861 -1.28359e-11 
4.697 -1.26981e-11 
4.7079 -1.25623e-11 
4.7188 -1.24286e-11 
4.7297 -1.22971e-11 
4.7406 -1.21676e-11 
4.7515 -1.20402e-11 
4.7624 -1.19146e-11 
4.7733 -1.17911e-11 
4.7842 -1.16694e-11 
4.7951 -1.15495e-11 
4.806 -1.14315e-11 
4.8169 -1.13152e-11 
4.8278 -1.12007e-11 
4.8387 -1.10879e-11 
4.8496 -1.09768e-11 
4.8605 -1.08673e-11 
4.8714 -1.07595e-11 
4.8823 -1.06532e-11 
4.8932 -1.05485e-11 
4.9041 -1.04453e-11 
4.915 -1.03436e-11 
4.9259 -1.02434e-11 
4.9368 -1.01446e-11 
4.9477 -1.00472e-11 
4.9586 -9.95127e-12 
4.9695 -9.85667e-12 
4.9804 -9.7634e-12 
4.9913 -9.67146e-12 
5.0022 -9.5808e-12 
5.0131 -9.49141e-12 
5.024 -9.40327e-12 
5.0349 -9.31636e-12 
5.0458 -9.23065e-12 
5.0567 -9.14612e-12 
5.0676 -9.06276e-12 
5.0785 -8.98053e-12 
5.0894 -8.89943e-12 
5.1003 -8.81943e-12 
5.1112 -8.74051e-12 
5.1221 -8.66266e-12 
5.133 -8.58585e-12 
5.1439 -8.51007e-12 
5.1548 -8.43531e-12 
5.1657 -8.36153e-12 
5.1766 -8.28873e-12 
5.1875 -8.2169e-12 
5.1984 -8.146e-12 
5.2093 -8.07604e-12 
5.2202 -8.00699e-12 
5.2311 -7.93884e-12 
5.242 -7.87157e-12 
5.2529 -7.80517e-12 
5.2638 -7.73963e-12 
5.2747 -7.67492e-12 
5.2856 -7.61104e-12 
5.2965 -7.54798e-12 
5.3074 -7.48572e-12 
5.3183 -7.42424e-12 
5.3292 -7.36354e-12 
5.3401 -7.3036e-12 
5.351 -7.24441e-12 
5.3619 -7.18596e-12 
5.3728 -7.12824e-12 
5.3837 -7.07123e-12 
5.3946 -7.01492e-12 
5.4055 -6.95931e-12 
5.4164 -6.90438e-12 
5.4273 -6.85012e-12 
5.4382 -6.79652e-12 
5.4491 -6.74357e-12 
5.46 -6.69127e-12 
5.4709 -6.63959e-12 
5.4818 -6.58853e-12 
5.4927 -6.53809e-12 
5.5036 -6.48825e-12 
5.5145 -6.439e-12 
5.5254 -6.39033e-12 
5.5363 -6.34225e-12 
5.5472 -6.29472e-12 
5.5581 -6.24775e-12 
5.569 -6.20134e-12 
5.5799 -6.15546e-12 
5.5908 -6.11012e-12 
5.6017 -6.06531e-12 
5.6126 -6.021e-12 
5.6235 -5.97721e-12 
5.6344 -5.93393e-12 
5.6453 -5.89114e-12 
5.6562 -5.84883e-12 
5.6671 -5.80701e-12 
5.678 -5.76566e-12 
5.6889 -5.72477e-12 
5.6998 -5.68434e-12 
5.7107 -5.64437e-12 
5.7216 -5.60485e-12 
5.7325 -5.56577e-12 
5.7434 -5.52711e-12 
5.7543 -5.48889e-12 
5.7652 -5.45109e-12 
5.7761 -5.41371e-12 
5.787 -5.37673e-12 
5.7979 -5.34016e-12 
5.8088 -5.30399e-12 
5.8197 -5.26821e-12 
5.8306 -5.23282e-12 
5.8415 -5.1978e-12 
5.8524 -5.16317e-12 
5.8633 -5.12891e-12 
5.8742 -5.09501e-12 
5.8851 -5.06147e-12 
5.896 -5.02829e-12 
5.9069 -4.99546e-12 
5.9178 -4.96298e-12 
5.9287 -4.93084e-12 
5.9396 -4.89903e-12 
5.9505 -4.86756e-12 
5.9614 -4.83642e-12 
5.9723 -4.80559e-12 
5.9832 -4.77509e-12 
5.9941 -4.74491e-12 
6.005 -4.71503e-12 
6.0159 -4.68546e-12 
6.0268 -4.65619e-12 
6.0377 -4.62722e-12 
6.0486 -4.59855e-12 
6.0595 -4.57016e-12 
6.0704 -4.54206e-12 
6.0813 -4.51425e-12 
6.0922 -4.48671e-12 
6.1031 -4.45945e-12 
6.114 -4.43246e-12 
6.1249 -4.40574e-12 
6.1358 -4.37928e-12 
6.1467 -4.35309e-12 
6.1576 -4.32715e-12 
6.1685 -4.30147e-12 
6.1794 -4.27604e-12 
6.1903 -4.25086e-12 
6.2012 -4.22591e-12 
6.2121 -4.20122e-12 
6.223 -4.17676e-12 
6.2339 -4.15254e-12 
6.2448 -4.12855e-12 
6.2557 -4.10479e-12 
6.2666 -4.08126e-12 
6.2775 -4.05795e-12 
6.2884 -4.03486e-12 
6.2993 -4.01199e-12 
6.3102 -3.98934e-12 
6.3211 -3.9669e-12 
6.332 -3.94467e-12 
6.3429 -3.92265e-12 
6.3538 -3.90083e-12 
6.3647 -3.87921e-12 
6.3756 -3.8578e-12 
6.3865 -3.83658e-12 
6.3974 -3.81557e-12 
6.4083 -3.79473e-12 
6.4192 -3.7741e-12 
6.4301 -3.75365e-12 
6.441 -3.73338e-12 
6.4519 -3.7133e-12 
6.4628 -3.69341e-12 
6.4737 -3.67368e-12 
6.4846 -3.65414e-12 
6.4955 -3.63478e-12 
6.5064 -3.61558e-12 
6.5173 -3.59656e-12 
6.5282 -3.5777e-12 
6.5391 -3.55901e-12 
6.55 -3.54049e-12 
6.5609 -3.52213e-12 
6.5718 -3.50393e-12 
6.5827 -3.48589e-12 
6.5936 -3.46801e-12 
6.6045 -3.45028e-12 
6.6154 -3.43271e-12 
6.6263 -3.41529e-12 
6.6372 -3.39801e-12 
6.6481 -3.38089e-12 
6.659 -3.36391e-12 
6.6699 -3.34708e-12 
6.6808 -3.33039e-12 
6.6917 -3.31385e-12 
6.7026 -3.29744e-12 
6.7135 -3.28117e-12 
6.7244 -3.26504e-12 
6.7353 -3.24904e-12 
6.7462 -3.23318e-12 
6.7571 -3.21745e-12 
6.768 -3.20185e-12 
6.7789 -3.18638e-12 
6.7898 -3.17103e-12 
6.8007 -3.15581e-12 
6.8116 -3.14073e-12 
6.8225 -3.12576e-12 
6.8334 -3.11091e-12 
6.8443 -3.09618e-12 
6.8552 -3.08158e-12 
6.8661 -3.06709e-12 
6.877 -3.05272e-12 
6.8879 -3.03847e-12 
6.8988 -3.02433e-12 
6.9097 -3.0103e-12 
6.9206 -2.99638e-12 
6.9315 -2.98258e-12 
6.9424 -2.96888e-12 
6.9533 -2.9553e-12 
6.9642 -2.94182e-12 
6.9751 -2.92844e-12 
6.986 -2.91517e-12 
6.9969 -2.90201e-12 
7.0078 -2.88894e-12 
7.0187 -2.87598e-12 
7.0296 -2.86312e-12 
7.0405 -2.85036e-12 
7.0514 -2.8377e-12 
7.0623 -2.82513e-12 
7.0732 -2.81266e-12 
7.0841 -2.80029e-12 
7.095 -2.78801e-12 
7.1059 -2.77582e-12 
7.1168 -2.76372e-12 
7.1277 -2.75172e-12 
7.1386 -2.73981e-12 
7.1495 -2.72798e-12 
7.1604 -2.71625e-12 
7.1713 -2.7046e-12 
7.1822 -2.69304e-12 
7.1931 -2.68156e-12 
7.204 -2.67017e-12 
7.2149 -2.65886e-12 
7.2258 -2.64764e-12 
7.2367 -2.6365e-12 
7.2476 -2.62544e-12 
7.2585 -2.61446e-12 
7.2694 -2.60356e-12 
7.2803 -2.59274e-12 
7.2912 -2.582e-12 
7.3021 -2.57133e-12 
7.313 -2.56075e-12 
7.3239 -2.55023e-12 
7.3348 -2.5398e-12 
7.3457 -2.52944e-12 
7.3566 -2.51915e-12 
7.3675 -2.50893e-12 
7.3784 -2.49879e-12 
7.3893 -2.48872e-12 
7.4002 -2.47872e-12 
7.4111 -2.46879e-12 
7.422 -2.45893e-12 
7.4329 -2.44913e-12 
7.4438 -2.43941e-12 
7.4547 -2.42975e-12 
7.4656 -2.42016e-12 
7.4765 -2.41064e-12 
7.4874 -2.40118e-12 
7.4983 -2.39178e-12 
7.5092 -2.38245e-12 
7.5201 -2.37319e-12 
7.531 -2.36398e-12 
7.5419 -2.35484e-12 
7.5528 -2.34576e-12 
7.5637 -2.33675e-12 
7.5746 -2.32779e-12 
7.5855 -2.31889e-12 
7.5964 -2.31006e-12 
7.6073 -2.30128e-12 
7.6182 -2.29256e-12 
7.6291 -2.2839e-12 
7.64 -2.27529e-12 
7.6509 -2.26674e-12 
7.6618 -2.25825e-12 
7.6727 -2.24982e-12 
7.6836 -2.24143e-12 
7.6945 -2.23311e-12 
7.7054 -2.22484e-12 
7.7163 -2.21662e-12 
7.7272 -2.20845e-12 
7.7381 -2.20034e-12 
7.749 -2.19228e-12 
7.7599 -2.18427e-12 
7.7708 -2.17631e-12 
7.7817 -2.16841e-12 
7.7926 -2.16055e-12 
7.8035 -2.15275e-12 
7.8144 -2.14499e-12 
7.8253 -2.13728e-12 
7.8362 -2.12962e-12 
7.8471 -2.12201e-12 
7.858 -2.11445e-12 
7.8689 -2.10693e-12 
7.8798 -2.09946e-12 
7.8907 -2.09204e-12 
7.9016 -2.08467e-12 
7.9125 -2.07733e-12 
7.9234 -2.07005e-12 
7.9343 -2.06281e-12 
7.9452 -2.05561e-12 
7.9561 -2.04846e-12 
7.967 -2.04135e-12 
7.9779 -2.03428e-12 
7.9888 -2.02726e-12 
7.9997 -2.02028e-12 
8.0106 -2.01334e-12 
8.0215 -2.00645e-12 
8.0324 -1.99959e-12 
8.0433 -1.99278e-12 
8.0542 -1.98601e-12 
8.0651 -1.97928e-12 
8.076 -1.97258e-12 
8.0869 -1.96593e-12 
8.0978 -1.95932e-12 
8.1087 -1.95274e-12 
8.1196 -1.94621e-12 
8.1305 -1.93971e-12 
8.1414 -1.93325e-12 
8.1523 -1.92683e-12 
8.1632 -1.92045e-12 
8.1741 -1.9141e-12 
8.185 -1.90779e-12 
8.1959 -1.90152e-12 
8.2068 -1.89528e-12 
8.2177 -1.88908e-12 
8.2286 -1.88291e-12 
8.2395 -1.87678e-12 
8.2504 -1.87069e-12 
8.2613 -1.86462e-12 
8.2722 -1.8586e-12 
8.2831 -1.85261e-12 
8.294 -1.84665e-12 
8.3049 -1.84072e-12 
8.3158 -1.83483e-12 
8.3267 -1.82897e-12 
8.3376 -1.82315e-12 
8.3485 -1.81735e-12 
8.3594 -1.81159e-12 
8.3703 -1.80586e-12 
8.3812 -1.80016e-12 
8.3921 -1.7945e-12 
8.403 -1.78886e-12 
8.4139 -1.78326e-12 
8.4248 -1.77769e-12 
8.4357 -1.77215e-12 
8.4466 -1.76663e-12 
8.4575 -1.76115e-12 
8.4684 -1.7557e-12 
8.4793 -1.75028e-12 
8.4902 -1.74488e-12 
8.5011 -1.73952e-12 
8.512 -1.73418e-12 
8.5229 -1.72888e-12 
8.5338 -1.7236e-12 
8.5447 -1.71835e-12 
8.5556 -1.71313e-12 
8.5665 -1.70793e-12 
8.5774 -1.70276e-12 
8.5883 -1.69762e-12 
8.5992 -1.69251e-12 
8.6101 -1.68742e-12 
8.621 -1.68236e-12 
8.6319 -1.67733e-12 
8.6428 -1.67233e-12 
8.6537 -1.66735e-12 
8.6646 -1.66239e-12 
8.6755 -1.65746e-12 
8.6864 -1.65256e-12 
8.6973 -1.64768e-12 
8.7082 -1.64283e-12 
8.7191 -1.638e-12 
8.73 -1.6332e-12 
8.7409 -1.62842e-12 
8.7518 -1.62366e-12 
8.7627 -1.61893e-12 
8.7736 -1.61423e-12 
8.7845 -1.60955e-12 
8.7954 -1.60489e-12 
8.8063 -1.60025e-12 
8.8172 -1.59564e-12 
8.8281 -1.59105e-12 
8.839 -1.58649e-12 
8.8499 -1.58194e-12 
8.8608 -1.57742e-12 
8.8717 -1.57293e-12 
8.8826 -1.56845e-12 
8.8935 -1.564e-12 
8.9044 -1.55957e-12 
8.9153 -1.55516e-12 
8.9262 -1.55077e-12 
8.9371 -1.5464e-12 
8.948 -1.54206e-12 
8.9589 -1.53774e-12 
8.9698 -1.53343e-12 
8.9807 -1.52915e-12 
8.9916 -1.52489e-12 
9.0025 -1.52065e-12 
9.0134 -1.51643e-12 
9.0243 -1.51223e-12 
9.0352 -1.50805e-12 
9.0461 -1.50389e-12 
9.057 -1.49975e-12 
9.0679 -1.49563e-12 
9.0788 -1.49153e-12 
9.0897 -1.48745e-12 
9.1006 -1.48339e-12 
9.1115 -1.47935e-12 
9.1224 -1.47533e-12 
9.1333 -1.47132e-12 
9.1442 -1.46734e-12 
9.1551 -1.46337e-12 
9.166 -1.45942e-12 
9.1769 -1.45549e-12 
9.1878 -1.45158e-12 
9.1987 -1.44769e-12 
9.2096 -1.44381e-12 
9.2205 -1.43996e-12 
9.2314 -1.43612e-12 
9.2423 -1.4323e-12 
9.2532 -1.42849e-12 
9.2641 -1.4247e-12 
9.275 -1.42094e-12 
9.2859 -1.41718e-12 
9.2968 -1.41345e-12 
9.3077 -1.40973e-12 
9.3186 -1.40603e-12 
9.3295 -1.40234e-12 
9.3404 -1.39868e-12 
9.3513 -1.39503e-12 
9.3622 -1.39139e-12 
9.3731 -1.38777e-12 
9.384 -1.38417e-12 
9.3949 -1.38058e-12 
9.4058 -1.37701e-12 
9.4167 -1.37346e-12 
9.4276 -1.36992e-12 
9.4385 -1.3664e-12 
9.4494 -1.36289e-12 
9.4603 -1.3594e-12 
9.4712 -1.35592e-12 
9.4821 -1.35246e-12 
9.493 -1.34902e-12 
9.5039 -1.34558e-12 
9.5148 -1.34217e-12 
9.5257 -1.33877e-12 
9.5366 -1.33538e-12 
9.5475 -1.33201e-12 
9.5584 -1.32865e-12 
9.5693 -1.32531e-12 
9.5802 -1.32198e-12 
9.5911 -1.31867e-12 
9.602 -1.31537e-12 
9.6129 -1.31208e-12 
9.6238 -1.30881e-12 
9.6347 -1.30556e-12 
9.6456 -1.30231e-12 
9.6565 -1.29908e-12 
9.6674 -1.29587e-12 
9.6783 -1.29266e-12 
9.6892 -1.28948e-12 
9.7001 -1.2863e-12 
9.711 -1.28314e-12 
9.7219 -1.27999e-12 
9.7328 -1.27685e-12 
9.7437 -1.27373e-12 
9.7546 -1.27062e-12 
9.7655 -1.26753e-12 
9.7764 -1.26444e-12 
9.7873 -1.26137e-12 
9.7982 -1.25831e-12 
9.8091 -1.25527e-12 
9.82 -1.25224e-12 
9.8309 -1.24922e-12 
9.8418 -1.24621e-12 
9.8527 -1.24321e-12 
9.8636 -1.24023e-12 
9.8745 -1.23726e-12 
9.8854 -1.2343e-12 
9.8963 -1.23135e-12 
9.9072 -1.22842e-12 
9.9181 -1.22549e-12 
9.929 -1.22258e-12 
9.9399 -1.21968e-12 
9.9508 -1.2168e-12 
9.9617 -1.21392e-12 
9.9726 -1.21105e-12 
9.9835 -1.2082e-12 
9.9944 -1.20536e-12 
10.0053 -1.20253e-12 
10.0162 -1.19971e-12 
10.0271 -1.1969e-12 
10.038 -1.19411e-12 
10.0489 -1.19132e-12 
10.0598 -1.18854e-12 
10.0707 -1.18578e-12 
10.0816 -1.18303e-12 
10.0925 -1.18029e-12 
10.1034 -1.17755e-12 
10.1143 -1.17483e-12 
10.1252 -1.17212e-12 
10.1361 -1.16942e-12 
10.147 -1.16674e-12 
10.1579 -1.16406e-12 
10.1688 -1.16139e-12 
10.1797 -1.15873e-12 
10.1906 -1.15608e-12 
10.2015 -1.15345e-12 
10.2124 -1.15082e-12 
10.2233 -1.1482e-12 
10.2342 -1.1456e-12 
10.2451 -1.143e-12 
10.256 -1.14041e-12 
10.2669 -1.13783e-12 
10.2778 -1.13527e-12 
10.2887 -1.13271e-12 
10.2996 -1.13016e-12 
10.3105 -1.12762e-12 
10.3214 -1.1251e-12 
10.3323 -1.12258e-12 
10.3432 -1.12007e-12 
10.3541 -1.11757e-12 
10.365 -1.11508e-12 
10.3759 -1.11259e-12 
10.3868 -1.11012e-12 
10.3977 -1.10766e-12 
10.4086 -1.10521e-12 
10.4195 -1.10276e-12 
10.4304 -1.10033e-12 
10.4413 -1.0979e-12 
10.4522 -1.09548e-12 
10.4631 -1.09307e-12 
10.474 -1.09067e-12 
10.4849 -1.08828e-12 
10.4958 -1.0859e-12 
10.5067 -1.08353e-12 
10.5176 -1.08116e-12 
10.5285 -1.07881e-12 
10.5394 -1.07646e-12 
10.5503 -1.07412e-12 
10.5612 -1.07179e-12 
10.5721 -1.06947e-12 
10.583 -1.06715e-12 
10.5939 -1.06485e-12 
10.6048 -1.06255e-12 
10.6157 -1.06026e-12 
10.6266 -1.05798e-12 
10.6375 -1.05571e-12 
10.6484 -1.05345e-12 
10.6593 -1.05119e-12 
10.6702 -1.04895e-12 
10.6811 -1.04671e-12 
10.692 -1.04447e-12 
10.7029 -1.04225e-12 
10.7138 -1.04003e-12 
10.7247 -1.03783e-12 
10.7356 -1.03563e-12 
10.7465 -1.03343e-12 
10.7574 -1.03125e-12 
10.7683 -1.02907e-12 
10.7792 -1.0269e-12 
10.7901 -1.02474e-12 
10.801 -1.02259e-12 
10.8119 -1.02044e-12 
10.8228 -1.0183e-12 
10.8337 -1.01617e-12 
10.8446 -1.01404e-12 
10.8555 -1.01193e-12 
10.8664 -1.00982e-12 
10.8773 -1.00772e-12 
10.8882 -1.00562e-12 
10.8991 -1.00353e-12 
10.91 -1.00145e-12 
10.9209 -9.99379e-13 
10.9318 -9.97313e-13 
10.9427 -9.95254e-13 
10.9536 -9.93202e-13 
10.9645 -9.91157e-13 
10.9754 -9.89119e-13 
10.9863 -9.87087e-13 
10.9972 -9.85063e-13 
11.0081 -9.83046e-13 
11.019 -9.81035e-13 
11.0299 -9.79031e-13 
11.0408 -9.77034e-13 
11.0517 -9.75044e-13 
11.0626 -9.73061e-13 
11.0735 -9.71084e-13 
11.0844 -9.69114e-13 
11.0953 -9.6715e-13 
11.1062 -9.65193e-13 
11.1171 -9.63243e-13 
11.128 -9.61299e-13 
11.1389 -9.59361e-13 
11.1498 -9.5743e-13 
11.1607 -9.55505e-13 
11.1716 -9.53587e-13 
11.1825 -9.51675e-13 
11.1934 -9.4977e-13 
11.2043 -9.4787e-13 
11.2152 -9.45977e-13 
11.2261 -9.44091e-13 
11.237 -9.4221e-13 
11.2479 -9.40336e-13 
11.2588 -9.38467e-13 
11.2697 -9.36605e-13 
11.2806 -9.34749e-13 
11.2915 -9.32899e-13 
11.3024 -9.31055e-13 
11.3133 -9.29217e-13 
11.3242 -9.27385e-13 
11.3351 -9.25559e-13 
11.346 -9.23739e-13 
11.3569 -9.21924e-13 
11.3678 -9.20116e-13 
11.3787 -9.18313e-13 
11.3896 -9.16516e-13 
11.4005 -9.14725e-13 
11.4114 -9.1294e-13 
11.4223 -9.1116e-13 
11.4332 -9.09386e-13 
11.4441 -9.07618e-13 
11.455 -9.05856e-13 
11.4659 -9.04099e-13 
11.4768 -9.02347e-13 
11.4877 -9.00601e-13 
11.4986 -8.98861e-13 
11.5095 -8.97126e-13 
11.5204 -8.95397e-13 
11.5313 -8.93673e-13 
11.5422 -8.91955e-13 
11.5531 -8.90242e-13 
11.564 -8.88534e-13 
11.5749 -8.86832e-13 
11.5858 -8.85135e-13 
11.5967 -8.83443e-13 
11.6076 -8.81757e-13 
11.6185 -8.80076e-13 
11.6294 -8.784e-13 
11.6403 -8.76729e-13 
11.6512 -8.75064e-13 
11.6621 -8.73403e-13 
11.673 -8.71748e-13 
11.6839 -8.70098e-13 
11.6948 -8.68453e-13 
11.7057 -8.66813e-13 
11.7166 -8.65178e-13 
11.7275 -8.63549e-13 
11.7384 -8.61924e-13 
11.7493 -8.60304e-13 
11.7602 -8.58689e-13 
11.7711 -8.57079e-13 
11.782 -8.55474e-13 
11.7929 -8.53874e-13 
11.8038 -8.52279e-13 
11.8147 -8.50689e-13 
11.8256 -8.49103e-13 
11.8365 -8.47522e-13 
11.8474 -8.45946e-13 
11.8583 -8.44375e-13 
11.8692 -8.42809e-13 
11.8801 -8.41247e-13 
11.891 -8.3969e-13 
11.9019 -8.38138e-13 
11.9128 -8.3659e-13 
11.9237 -8.35047e-13 
11.9346 -8.33509e-13 
11.9455 -8.31975e-13 
11.9564 -8.30446e-13 
11.9673 -8.28921e-13 
11.9782 -8.27401e-13 
11.9891 -8.25885e-13 
